0 977 982 
1 972 978 
2 975 983 
3 971 985 
4 971 980 
5 990 2350 
6 973 997 
7 974 987 
8 996 2380 
9 972 1001 
10 973 1003 
11 974 993 
12 979 988 
13 975 994 
14 984 991 
15 976 1007 
16 976 986 
17 981 999 
18 977 978 1002 
19 979 1005 
20 980 981 1011 
21 982 1012 2381 
22 983 984 1010 
23 992 1006 
24 985 986 1016 
25 987 988 1013 
26 989 1014 
27 989 1009 
28 990 995 1017 
29 991 992 1030 
30 993 998 1029 
31 994 995 1019 
32 996 1000 1031 
33 997 998 1020 
34 999 1000 1024 
35 1001 1004 1028 
36 1002 1026 1039 
37 1003 1004 1032 
38 1005 1015 1021 
39 1018 1023 2351 
40 1006 1008 1046 
41 1007 1008 1036 
42 1009 1045 
43 1010 1034 1041 
44 1011 1025 1048 
45 1012 1027 1037 
46 1013 1022 1051 
47 1014 1015 1055 
48 1016 1043 1047 
49 1017 1018 1056 
50 1019 1035 1059 
51 1020 1033 1053 
52 1021 1022 1061 
53 1023 1062 
54 1024 1025 1065 
55 1026 1027 1076 
56 1028 1040 1067 
57 1029 1050 1054 
58 1030 1042 1057 
59 1031 1038 1066 
60 1032 1033 1068 
61 1034 1035 1073 
62 1036 1044 1063 
63 1037 1038 1081 
64 1039 1040 1082 
65 1041 1042 1079 
66 1043 1044 1084 
67 1045 1070 
68 1046 1058 1064 
69 1047 1049 1085 
70 1048 1049 1074 
71 1050 1052 1087 
72 1051 1052 1088 
73 1053 1054 1090 
74 1055 1071 1077 
75 1056 1060 1089 
76 1057 1058 1094 
77 1059 1060 1101 
78 1061 1078 1099 
79 1062 1072 1092 
80 1063 1064 1104 
81 1065 1075 1095 
82 1066 1096 1102 
83 1067 1069 1113 
84 1068 1069 1115 
85 1070 1071 1105 
86 1072 1106 
87 1073 1080 1107 
88 1074 1075 1111 
89 1076 1083 1097 
90 1077 1078 1122 
91 1079 1080 1109 
92 1081 1098 1103 
93 1082 1083 1112 
94 1084 1086 1116 
95 1085 1086 1118 
96 1087 1091 1120 
97 1088 1100 1121 
98 1089 1093 1123 
99 1090 1091 2360 
100 1092 1093 1136 
101 1094 1110 1125 
102 1095 1096 1130 
103 1097 1098 1139 
104 1099 1100 1140 
105 1101 1108 1126 
106 1102 1103 1137 
107 1104 1117 1128 
108 1105 1124 1134 
109 1106 1142 
110 1107 1108 1141 
111 1109 1110 1144 
112 1111 1119 1145 
113 1112 1114 1146 
114 1113 1114 1131 
115 1115 1132 1133 
116 1116 1117 1149 
117 1118 1119 1155 
118 1120 1121 1152 
119 1122 1135 1147 
120 1123 1127 1153 
121 1124 1167 
122 1125 1129 1161 
123 1126 1127 1158 
124 1128 1129 1171 
125 1130 1138 1156 
126 1131 1132 1163 
127 1133 1164 2361 
128 1134 1135 1170 
129 1136 1143 1154 
130 1137 1138 1174 
131 1139 1150 1168 
132 1140 1148 1165 
133 1141 1159 1177 
134 1142 1143 1183 
135 1144 1160 1162 
136 1145 1157 1179 
137 1146 1151 1175 
138 1147 1148 1181 
139 1149 1172 1184 
140 1150 1151 
141 1152 1166 1187 
142 1153 1154 1194 
143 1155 1173 1180 
144 1156 1157 1191 
145 1158 1178 1202 
146 1159 1160 1195 
147 1161 1162 1196 
148 1163 1176 1198 
149 1164 1169 1199 
150 1165 1166 1201 
151 1167 1189 
152 1168 1192 1197 
153 1169 1186 2362 
154 1170 1182 1190 
155 1171 1185 1204 
156 1172 1173 1208 
157 1174 1193 1206 
158 1175 1176 1210 
159 1177 1178 1213 
160 1179 1180 1209 
161 1181 1182 1216 
162 1183 1217 
163 1184 1185 1214 
164 1186 1188 1232 
165 1187 1188 1211 
166 1189 1190 1220 
167 1191 1207 1229 
168 1192 1193 1231 
169 1194 1203 1221 
170 1195 1224 1226 
171 1196 1205 1227 
172 1197 1234 
173 1198 1200 1235 
174 1199 1200 1237 
175 1201 1212 1218 
176 1202 1203 1222 
177 1204 1205 1242 
178 1206 1207 1233 
179 1208 1215 1243 
180 1209 1230 1246 
181 1210 1236 1238 
182 1211 1212 1256 
183 1213 1223 1225 
184 1214 1215 1244 
185 1216 1219 1257 
186 1217 1240 
187 1218 1219 1264 
188 1220 1271 
189 1221 1241 1258 
190 1222 1223 1259 
191 1224 1225 1252 
192 1226 1228 1253 
193 1227 1228 1265 
194 1229 1230 1261 
195 1231 1248 1250 
196 1232 1254 1262 
197 1233 1249 1266 
198 1234 1239 1251 
199 1235 1236 1268 
200 1237 1255 1269 
201 1238 1239 1274 
202 1240 1241 1275 
203 1242 1245 1272 
204 1243 1247 1276 
205 1244 1245 1287 
206 1246 1247 1277 
207 1248 1249 1288 
208 1250 1251 1283 
209 1252 1253 1286 
210 1254 1255 1289 
211 1256 1263 1279 
212 1257 1281 1284 
213 1258 1260 1294 
214 1259 1260 1295 
215 1261 1267 1297 
216 1262 1263 1292 
217 1264 1280 1285 
218 1265 1273 1296 
219 1266 1267 1290 
220 1268 1270 1300 
221 1269 1270 1301 
222 1271 1282 1306 
223 1272 1273 1309 
224 1274 1298 1304 
225 1275 2365 
226 1276 1278 1302 
227 1277 1278 1310 
228 1279 1280 1328 
229 1281 1282 1315 
230 1283 1299 1312 
231 1284 1285 1329 
232 1286 1307 1314 
233 1287 1303 1318 
234 1288 1291 1313 
235 1289 1293 1320 
236 1290 1291 1330 
237 1292 1293 1333 
238 1294 1322 2366 
239 1295 1316 1323 
240 1296 1308 1324 
241 1297 1311 1331 
242 1298 1299 1336 
243 1300 1305 1326 
244 1301 1321 1327 
245 1302 1303 1341 
246 1304 1305 1342 
247 1306 1334 
248 1307 1308 1345 
249 1309 1319 1325 
250 1310 1311 1347 
251 1312 1313 1353 
252 1314 1317 1344 
253 1315 1335 1339 
254 1316 1317 1351 
255 1318 1319 1352 
256 1320 1321 1348 
257 1322 1323 1356 
258 1324 1325 1364 
259 1326 1327 1363 
260 1328 1337 1349 
261 1329 1338 1340 
262 1330 1332 1368 
263 1331 1332 1367 
264 1333 1350 1354 
265 1334 1335 1362 
266 1336 1343 1360 
267 1337 1338 1374 
268 1339 1340 1375 
269 1376 2367 
270 1341 1358 1365 
271 1342 1343 1373 
272 1344 1346 1381 
273 1345 1346 1369 
274 1347 1359 1371 
275 1348 1355 1387 
276 1349 1350 1379 
277 1351 1357 1380 
278 1352 1366 1377 
279 1353 1361 1378 
280 1354 1355 1396 
281 1356 1357 1395 
282 1358 1359 1388 
283 1360 1361 1400 
284 1362 1399 
285 1363 1385 1393 
286 1364 1370 1383 
287 1365 1366 1406 
288 1367 1372 1389 
289 1368 1390 1391 
290 1369 1370 1415 
291 1371 1372 1411 
292 1373 1386 1419 
293 1374 1397 1401 
294 1375 1398 1403 
295 1376 1405 1407 
296 1377 1384 2382 
297 1378 1392 1417 
298 1379 1402 1413 
299 1380 1382 1408 
300 1381 1382 1410 
301 1383 1384 1435 
302 1385 1386 1424 
303 1387 1394 1425 
304 1388 1412 1420 
305 1389 1390 1429 
306 1391 1392 1430 
307 1393 1394 1432 
308 1395 1409 1427 
309 1396 1414 1426 
310 1397 1398 1434 
311 1399 1404 1438 
312 1400 1418 1422 
313 1401 1402 1441 
314 1403 1404 1436 
315 1405 1439 
316 1406 1421 2363 
317 1407 1428 1440 
318 1408 1409 1444 
319 1410 1416 1450 
320 1411 1412 1447 
321 1413 1414 1449 
322 1415 1416 1445 
323 1417 1418 1448 
324 1419 1423 1442 
325 1420 1421 1457 
326 1422 1423 1459 
327 1424 1433 1443 
328 1425 1426 1461 
329 1427 1428 1467 
330 1429 1431 1458 
331 1430 1431 1451 
332 1432 1433 1460 
333 1434 1437 1463 
334 1435 1446 1455 
335 1436 1437 1465 
336 1438 1466 
337 1439 1440 1472 
338 1441 1464 1468 
339 1442 1443 1478 
340 1444 1453 1480 
341 1445 1446 1473 
342 1447 1470 1474 
343 1448 1452 1476 
344 1449 1469 1479 
345 1450 1454 1482 
346 1451 1452 1493 
347 1453 1454 1494 
348 1455 1456 1495 
349 1456 1486 2364 
350 1457 1475 1487 
351 1458 1471 1496 
352 1459 1477 1489 
353 1460 1462 1497 
354 1461 1462 1491 
355 1463 1464 1498 
356 1465 1466 1507 
357 1467 1481 1484 
358 1468 1469 1500 
359 1470 1471 1505 
360 1472 1485 1499 
361 1473 1483 1503 
362 1474 1475 1513 
363 1476 1477 1508 
364 1478 1490 1509 
365 1479 1492 1517 
366 1480 1481 1512 
367 1482 1483 1501 
368 1484 1485 1528 
369 1486 1488 1532 
370 1487 1488 1522 
371 1489 1490 1524 
372 1491 1492 1516 
373 1493 1514 1534 
374 1494 1502 1529 
375 1495 1504 1531 
376 1496 1506 1515 
377 1497 1510 1535 
378 1498 1519 1526 
379 1499 1537 
380 1500 1518 1527 
381 1501 1502 1543 
382 1503 1504 1544 
383 1505 1506 1540 
384 1507 1520 2368 
385 1508 1525 1541 
386 1509 1511 1546 
387 1510 1511 1552 
388 1512 1530 1538 
389 1513 1523 1549 
390 1514 1515 1551 
391 1516 1536 1553 
392 1517 1518 1547 
393 1519 1521 1548 
394 1520 1521 1555 
395 1522 1523 1545 
396 1524 1525 1566 
397 1526 1527 1570 
398 1528 1539 1557 
399 1529 1530 1558 
400 1531 1533 1560 
401 1532 1533 1562 
402 1534 1542 1564 
403 1535 1536 1568 
404 1537 1571 
405 1538 1539 1576 
406 1540 1550 1579 
407 1541 1542 1582 
408 1543 1559 1573 
409 1544 1561 1577 
410 1545 1563 1586 
411 1546 1567 1574 
412 1547 1554 1590 
413 1548 1556 1583 
414 1549 1550 1585 
415 1551 1565 1580 
416 1552 1569 1575 
417 1553 1554 1600 
418 1555 1556 1593 
419 1557 1572 1595 
420 1558 1559 1597 
421 1560 1561 1598 
422 1562 1563 1603 
423 1564 1565 1588 
424 1566 1567 1599 
425 1568 1569 1606 
426 1570 1584 1591 
427 1594 1607 2369 
428 1571 1572 1608 
429 1573 1578 1612 
430 1574 1575 1615 
431 1576 1596 1601 
432 1577 1578 1621 
433 1579 1581 1609 
434 1580 1581 1626 
435 1582 1589 1604 
436 1583 1584 1619 
437 1585 1587 1624 
438 1586 1587 1622 
439 1588 1589 1635 
440 1590 1592 1610 
441 1591 1592 1618 
442 1593 1594 1631 
443 1595 1596 1632 
444 1597 1602 1627 
445 1598 1613 1633 
446 1599 1605 1636 
447 1600 1611 1616 
448 1601 1602 1637 
449 1603 1614 1623 
450 1604 1605 1648 
451 1606 1617 1629 
452 1607 1640 
453 1608 1642 
454 1609 1625 1638 
455 1610 1611 1662 
456 1612 1628 1644 
457 1613 1614 1654 
458 1615 1630 1649 
459 1616 1617 1661 
460 1618 1620 1663 
461 1619 1620 1651 
462 1621 1634 1645 
463 1622 1623 1655 
464 1624 1625 1656 
465 1626 1639 1646 
466 1627 1628 1652 
467 1629 1630 1665 
468 1631 1641 1664 
469 1632 1643 1666 
470 1633 1634 1667 
471 1635 1647 1657 
472 1636 1650 1659 
473 1637 1653 1671 
474 1638 1639 1684 
475 1640 1641 1682 
476 1642 1643 1675 
477 1644 1645 1683 
478 1646 1647 1685 
479 1648 1658 1660 
480 1649 1650 1686 
481 1651 1669 1680 
482 1652 1653 1703 
483 1654 1668 1689 
484 1655 1676 1695 
485 1656 1677 1690 
486 1657 1658 1697 
487 1659 1660 1698 
488 1661 1678 1687 
489 1662 1673 1679 
490 1663 1674 1681 
491 1664 1670 1701 
492 1665 1688 1699 
493 1666 1672 1693 
494 1667 1668 1706 
495 1669 1670 1713 
496 1671 1672 1704 
497 1673 1674 1718 
498 1675 1692 1694 
499 1676 1677 1717 
500 1678 1679 1724 
501 1680 1681 1725 
502 1682 1702 
503 1683 1714 1715 
504 1684 1691 1707 
505 1685 1708 1709 
506 1686 1700 1711 
507 1687 1688 1723 
508 1689 1696 1726 
509 1690 1691 1721 
510 1692 1732 
511 1693 1694 1740 
512 1695 1696 1733 
513 1697 1710 1727 
514 1698 1712 1728 
515 1699 1700 1730 
516 1701 1702 1738 
517 1703 1705 1719 
518 1704 1705 1750 
519 1706 1716 1741 
520 1707 1708 1747 
521 1709 1710 1753 
522 1711 1712 1755 
523 1713 1736 1739 
524 1714 1720 1745 
525 1715 1716 1746 
526 1717 1722 1751 
527 1718 1734 1743 
528 1719 1720 1760 
529 1721 1722 1761 
530 1723 1731 1748 
531 1724 1744 1749 
532 1725 1735 1737 
533 1726 1742 1758 
534 1727 1729 1767 
535 1728 1729 1762 
536 1730 1731 1764 
537 1732 1756 
538 1733 1752 1759 
539 1734 1735 1773 
540 1736 1737 1781 
541 1738 1739 1768 
542 1740 1757 1774 
543 1741 1742 1778 
544 1743 1744 1779 
545 1745 1746 1777 
546 1747 1754 1784 
547 1748 1749 1786 
548 1750 1765 1775 
549 1751 1752 1788 
550 1753 1754 1769 
551 1755 1763 1771 
552 1756 1757 1789 
553 1758 1759 1787 
554 1760 1766 1790 
555 1761 1783 1793 
556 1762 1763 1796 
557 1764 1772 1798 
558 1765 1766 1811 
559 1767 1770 1795 
560 1768 1782 1801 
561 1769 1770 1819 
562 1771 1772 1815 
563 1773 1780 1807 
564 1774 1776 1803 
565 1775 1776 1810 
566 1777 1791 1813 
567 1778 1792 1805 
568 1779 1780 1825 
569 1781 1802 1808 
570 1782 1820 
571 1783 1785 1816 
572 1784 1785 1818 
573 1786 1799 1824 
574 1787 1806 1821 
575 1788 1794 1822 
576 1789 1804 
577 1790 1814 1826 
578 1791 1792 1828 
579 1793 1794 1817 
580 1795 1797 1829 
581 1796 1797 1838 
582 1798 1800 1831 
583 1799 1800 1846 
584 1801 1802 1835 
585 1803 1804 1850 
586 1805 1806 1843 
587 1807 1809 1833 
588 1808 1809 1848 
589 1810 1812 1854 
590 1811 1812 1827 
591 1813 1814 1841 
592 1815 1832 1844 
593 1816 1817 1858 
594 1818 1836 1853 
595 1819 1830 1837 
596 1820 1857 
597 1821 1823 1851 
598 1822 1823 1856 
599 1824 1839 1847 
600 1825 1834 1840 
601 1826 1827 1859 
602 1828 1842 1871 
603 1829 1830 1867 
604 1831 1832 2355 
605 1833 1834 1875 
606 1835 1849 1861 
607 1836 1837 1865 
608 1838 1845 1860 
609 1839 1840 1874 
610 1841 1842 1869 
611 1843 1852 1877 
612 1844 1845 1872 
613 1846 1847 1873 
614 1848 1849 1881 
615 1850 1855 1876 
616 1851 1852 1884 
617 1853 1866 1879 
618 1854 1855 1883 
619 1856 1863 1886 
620 1857 1862 1885 
621 1858 1864 1880 
622 1859 1870 1894 
623 1860 1868 1892 
624 1861 1862 1893 
625 1863 1864 1908 
626 1865 1866 1910 
627 1867 1868 1895 
628 1869 1870 1905 
629 1871 1878 1906 
630 1872 1896 2356 
631 1873 1898 2357 
632 1874 1890 1899 
633 1875 1888 1891 
634 1876 1882 1912 
635 1877 1878 1915 
636 1879 1880 1909 
637 1881 1889 1901 
638 1882 1911 
639 1883 1903 1913 
640 1884 1887 1916 
641 1885 1921 
642 1886 1887 1918 
643 1888 1889 1926 
644 1890 1891 1925 
645 1892 1897 1924 
646 1893 1902 1931 
647 1894 1904 1927 
648 1895 1919 1929 
649 1896 1897 1935 
650 1898 1900 1936 
651 1899 1900 1947 
652 1901 1902 1938 
653 1903 1904 1953 
654 1905 1907 1940 
655 1906 1907 1928 
656 1908 1922 1933 
657 1909 1923 1944 
658 1910 1920 1945 
659 1911 1949 
660 1912 1914 1950 
661 1913 1914 1952 
662 1915 1917 1957 
663 1916 1917 1942 
664 1918 1934 1943 
665 1919 1920 1959 
666 1921 1932 1948 
667 1922 1923 1969 
668 1924 1930 1970 
669 1925 1955 1964 
670 1926 1939 1956 
671 1927 1941 1966 
672 1928 1958 1968 
673 1929 1930 1972 
674 1937 1961 2358 
675 1931 1932 1975 
676 1933 1934 1978 
677 1935 1962 1971 
678 1936 1937 1973 
679 1938 1939 1982 
680 1940 1941 1976 
681 1942 1943 1988 
682 1944 1946 1980 
683 1945 1946 1960 
684 1947 1965 1974 
685 1948 1993 
686 1949 1951 1983 
687 1950 1951 1984 
688 1952 1954 1985 
689 1953 1954 1967 
690 1955 1956 2000 
691 1957 1958 1987 
692 1959 1960 1989 
693 1961 1963 1997 
694 1962 1963 1996 
695 1964 1965 1999 
696 1966 1967 2005 
697 1968 1977 1994 
698 1969 1979 1981 
699 1970 1971 2007 
700 1972 1990 2006 
701 1973 1974 2009 
702 1975 1991 2001 
703 1976 1977 2012 
704 1978 1979 2015 
705 1980 1981 2017 
706 1982 1992 2010 
707 1983 2003 
708 1984 1986 2004 
709 1985 1986 2022 
710 1987 1995 2020 
711 1988 2013 2014 
712 1989 1990 2029 
713 1991 1992 2036 
714 1993 2002 
715 1994 1995 2038 
716 1996 1998 2041 
717 1997 1998 2030 
718 1999 2018 2025 
719 2000 2011 2019 
720 2001 2002 2044 
721 2003 2004 2046 
722 2005 2023 2027 
723 2006 2008 2033 
724 2007 2008 2035 
725 2009 2026 2031 
726 2010 2011 2043 
727 2012 2024 2037 
728 2013 2016 2047 
729 2014 2021 2048 
730 2015 2016 2049 
731 2017 2040 2051 
732 2018 2019 2055 
733 2020 2021 2053 
734 2022 2028 2052 
735 2023 2024 2062 
736 2025 2026 2060 
737 2027 2028 2061 
738 2029 2034 2054 
739 2030 2032 2064 
740 2031 2032 2066 
741 2033 2034 2072 
742 2035 2042 2079 
743 2036 2045 2056 
744 2037 2039 2081 
745 2038 2039 2068 
746 2040 2050 2070 
747 2041 2042 2063 
748 2043 2057 2073 
749 2044 2045 2083 
750 2046 2075 2076 
751 2047 2048 2078 
752 2049 2050 2084 
753 2051 2058 2071 
754 2052 2077 2086 
755 2053 2069 2090 
756 2054 2059 2091 
757 2055 2074 2085 
758 2056 2057 2098 
759 2058 2059 2096 
760 2060 2067 2092 
761 2061 2087 2088 
762 2062 2082 2089 
763 2063 2065 2107 
764 2064 2065 2102 
765 2066 2067 2108 
766 2068 2069 2114 
767 2070 2071 2104 
768 2072 2080 2105 
769 2073 2074 2117 
770 2075 2103 
771 2076 2077 2112 
772 2078 2094 2100 
773 2079 2080 2106 
774 2081 2082 2118 
775 2083 2099 2110 
776 2084 2095 2115 
777 2085 2093 2123 
778 2086 2087 2125 
779 2088 2089 2130 
780 2090 2101 2121 
781 2091 2097 2119 
782 2092 2093 2140 
783 2094 2095 2137 
784 2096 2097 2139 
785 2098 2111 2133 
786 2099 2143 
787 2100 2101 2136 
788 2102 2109 2128 
789 2103 2113 2154 
790 2104 2116 2146 
791 2105 2120 2148 
792 2106 2126 2149 
793 2107 2127 2129 
794 2108 2109 2151 
795 2110 2111 2152 
796 2112 2113 2134 
797 2114 2122 2131 
798 2115 2116 2157 
799 2117 2124 2141 
800 2118 2132 2144 
801 2119 2120 2158 
802 2121 2122 2162 
803 2123 2124 2159 
804 2125 2135 2161 
805 2126 2127 2171 
806 2128 2129 2165 
807 2130 2145 2166 
808 2131 2132 2174 
809 2133 2142 2177 
810 2134 2135 2173 
811 2136 2138 2168 
812 2137 2138 2163 
813 2139 2147 2170 
814 2140 2155 2160 
815 2141 2142 2187 
816 2143 2153 2172 
817 2144 2145 2190 
818 2146 2147 2182 
819 2148 2150 2175 
820 2149 2150 2185 
821 2151 2156 2352 
822 2152 2153 2188 
823 2154 2178 
824 2155 2156 2205 
825 2157 2164 2191 
826 2158 2176 2183 
827 2159 2160 2196 
828 2161 2167 2193 
829 2162 2169 2180 
830 2163 2164 2212 
831 2165 2207 2353 
832 2166 2167 2201 
833 2168 2169 2216 
834 2170 2184 2194 
835 2171 2186 2204 
836 2172 2206 
837 2173 2179 2199 
838 2174 2181 2202 
839 2175 2176 2217 
840 2177 2189 2197 
841 2178 2179 2213 
842 2180 2181 2225 
843 2182 2192 2195 
844 2183 2184 2222 
845 2185 2186 2218 
846 2187 2198 2210 
847 2188 2189 2219 
848 2190 2203 2214 
849 2191 2192 2220 
850 2193 2200 2223 
851 2194 2195 2231 
852 2196 2211 2229 
853 2197 2198 2236 
854 2199 2200 2237 
855 2201 2215 2224 
856 2202 2203 2238 
857 2204 2208 2370 
858 2205 2209 2228 
859 2206 2243 
860 2207 2208 2247 
861 2209 2241 2354 
862 2210 2211 2242 
863 2212 2221 2226 
864 2213 2245 
865 2214 2215 2251 
866 2216 2227 2239 
867 2217 2232 2234 
868 2218 2235 2371 
869 2219 2244 2249 
870 2220 2221 2258 
871 2222 2233 2254 
872 2223 2224 2257 
873 2225 2240 2252 
874 2226 2227 2265 
875 2228 2230 2264 
876 2229 2230 2256 
877 2231 2255 2263 
878 2232 2233 2272 
879 2234 2235 2273 
880 2236 2250 2259 
881 2237 2246 2276 
882 2238 2253 2261 
883 2239 2240 2277 
884 2241 2248 2274 
885 2242 2260 2266 
886 2243 2244 2288 
887 2245 2246 2281 
888 2247 2248 2280 
889 2249 2250 2290 
890 2251 2262 2268 
891 2252 2253 2289 
892 2254 2255 2278 
893 2256 2267 2286 
894 2257 2269 2282 
895 2258 2270 2373 
896 2259 2260 2302 
897 2261 2262 2298 
898 2263 2271 2291 
899 2264 2275 2287 
900 2265 2300 2374 
901 2266 2267 2309 
902 2268 2269 2303 
903 2270 2271 2314 
904 2272 2279 2296 
905 2273 2284 2297 
906 2285 2292 2372 
907 2274 2275 2307 
908 2276 2283 2375 
909 2277 2294 2299 
910 2278 2279 2304 
911 2280 2293 2306 
912 2281 2376 
913 2282 2283 2317 
914 2284 2285 2322 
915 2286 2287 2323 
916 2288 2310 
917 2289 2295 2312 
918 2290 2311 2315 
919 2291 2305 2327 
920 2292 2293 2329 
921 2294 2295 2320 
922 2296 2297 2334 
923 2298 2313 2318 
924 2299 2301 2321 
925 2300 2301 2326 
926 2302 2316 2330 
927 2303 2319 2324 
928 2304 2305 
929 2306 2308 2344 
930 2307 2308 2335 
931 2309 2331 2332 
932 2310 2311 2341 
933 2312 2313 
934 2314 2328 2338 
935 2315 2316 2348 
936 2317 2325 2336 
937 2318 2319 
938 2320 2321 
939 2322 2339 2342 
940 2323 2333 2346 
941 2324 2325 
942 2326 2378 
943 2327 2328 
944 2329 2340 2345 
945 2330 2331 
946 2332 2333 
947 2337 2377 
948 2334 2343 
949 2335 2347 
950 2336 2337 
951 2338 2379 
952 2339 2340 
953 2341 2349 
954 2342 2343 
955 2344 2345 
956 2346 2347 
957 2348 2349 
958 2350 2351 
959 2352 2353 2354 
960 2355 2356 2359 
961 2357 2358 2359 
962 2360 2361 2362 
963 2363 2364 2382 
964 2365 2366 2367 
965 2368 2369 
966 2370 2371 2372 
967 2373 2374 2383 
968 2375 2376 2377 
969 2378 2379 2383 
970 2380 2381 
971 3 4 
972 1 9 
973 6 10 
974 7 11 
975 2 13 
976 15 16 
977 0 18 
978 1 18 
979 12 19 
980 4 20 
981 17 20 
982 0 21 
983 2 22 
984 14 22 
985 3 24 
986 16 24 
987 7 25 
988 12 25 
989 26 27 
990 5 28 
991 14 29 
992 23 29 
993 11 30 
994 13 31 
995 28 31 
996 8 32 
997 6 33 
998 30 33 
999 17 34 
1000 32 34 
1001 9 35 
1002 18 36 
1003 10 37 
1004 35 37 
1005 19 38 
1006 23 40 
1007 15 41 
1008 40 41 
1009 27 42 
1010 22 43 
1011 20 44 
1012 21 45 
1013 25 46 
1014 26 47 
1015 38 47 
1016 24 48 
1017 28 49 
1018 39 49 
1019 31 50 
1020 33 51 
1021 38 52 
1022 46 52 
1023 39 53 
1024 34 54 
1025 44 54 
1026 36 55 
1027 45 55 
1028 35 56 
1029 30 57 
1030 29 58 
1031 32 59 
1032 37 60 
1033 51 60 
1034 43 61 
1035 50 61 
1036 41 62 
1037 45 63 
1038 59 63 
1039 36 64 
1040 56 64 
1041 43 65 
1042 58 65 
1043 48 66 
1044 62 66 
1045 42 67 
1046 40 68 
1047 48 69 
1048 44 70 
1049 69 70 
1050 57 71 
1051 46 72 
1052 71 72 
1053 51 73 
1054 57 73 
1055 47 74 
1056 49 75 
1057 58 76 
1058 68 76 
1059 50 77 
1060 75 77 
1061 52 78 
1062 53 79 
1063 62 80 
1064 68 80 
1065 54 81 
1066 59 82 
1067 56 83 
1068 60 84 
1069 83 84 
1070 67 85 
1071 74 85 
1072 79 86 
1073 61 87 
1074 70 88 
1075 81 88 
1076 55 89 
1077 74 90 
1078 78 90 
1079 65 91 
1080 87 91 
1081 63 92 
1082 64 93 
1083 89 93 
1084 66 94 
1085 69 95 
1086 94 95 
1087 71 96 
1088 72 97 
1089 75 98 
1090 73 99 
1091 96 99 
1092 79 100 
1093 98 100 
1094 76 101 
1095 81 102 
1096 82 102 
1097 89 103 
1098 92 103 
1099 78 104 
1100 97 104 
1101 77 105 
1102 82 106 
1103 92 106 
1104 80 107 
1105 85 108 
1106 86 109 
1107 87 110 
1108 105 110 
1109 91 111 
1110 101 111 
1111 88 112 
1112 93 113 
1113 83 114 
1114 113 114 
1115 84 115 
1116 94 116 
1117 107 116 
1118 95 117 
1119 112 117 
1120 96 118 
1121 97 118 
1122 90 119 
1123 98 120 
1124 108 121 
1125 101 122 
1126 105 123 
1127 120 123 
1128 107 124 
1129 122 124 
1130 102 125 
1131 114 126 
1132 115 126 
1133 115 127 
1134 108 128 
1135 119 128 
1136 100 129 
1137 106 130 
1138 125 130 
1139 103 131 
1140 104 132 
1141 110 133 
1142 109 134 
1143 129 134 
1144 111 135 
1145 112 136 
1146 113 137 
1147 119 138 
1148 132 138 
1149 116 139 
1150 131 140 
1151 137 140 
1152 118 141 
1153 120 142 
1154 129 142 
1155 117 143 
1156 125 144 
1157 136 144 
1158 123 145 
1159 133 146 
1160 135 146 
1161 122 147 
1162 135 147 
1163 126 148 
1164 127 149 
1165 132 150 
1166 141 150 
1167 121 151 
1168 131 152 
1169 149 153 
1170 128 154 
1171 124 155 
1172 139 156 
1173 143 156 
1174 130 157 
1175 137 158 
1176 148 158 
1177 133 159 
1178 145 159 
1179 136 160 
1180 143 160 
1181 138 161 
1182 154 161 
1183 134 162 
1184 139 163 
1185 155 163 
1186 153 164 
1187 141 165 
1188 164 165 
1189 151 166 
1190 154 166 
1191 144 167 
1192 152 168 
1193 157 168 
1194 142 169 
1195 146 170 
1196 147 171 
1197 152 172 
1198 148 173 
1199 149 174 
1200 173 174 
1201 150 175 
1202 145 176 
1203 169 176 
1204 155 177 
1205 171 177 
1206 157 178 
1207 167 178 
1208 156 179 
1209 160 180 
1210 158 181 
1211 165 182 
1212 175 182 
1213 159 183 
1214 163 184 
1215 179 184 
1216 161 185 
1217 162 186 
1218 175 187 
1219 185 187 
1220 166 188 
1221 169 189 
1222 176 190 
1223 183 190 
1224 170 191 
1225 183 191 
1226 170 192 
1227 171 193 
1228 192 193 
1229 167 194 
1230 180 194 
1231 168 195 
1232 164 196 
1233 178 197 
1234 172 198 
1235 173 199 
1236 181 199 
1237 174 200 
1238 181 201 
1239 198 201 
1240 186 202 
1241 189 202 
1242 177 203 
1243 179 204 
1244 184 205 
1245 203 205 
1246 180 206 
1247 204 206 
1248 195 207 
1249 197 207 
1250 195 208 
1251 198 208 
1252 191 209 
1253 192 209 
1254 196 210 
1255 200 210 
1256 182 211 
1257 185 212 
1258 189 213 
1259 190 214 
1260 213 214 
1261 194 215 
1262 196 216 
1263 211 216 
1264 187 217 
1265 193 218 
1266 197 219 
1267 215 219 
1268 199 220 
1269 200 221 
1270 220 221 
1271 188 222 
1272 203 223 
1273 218 223 
1274 201 224 
1275 202 225 
1276 204 226 
1277 206 227 
1278 226 227 
1279 211 228 
1280 217 228 
1281 212 229 
1282 222 229 
1283 208 230 
1284 212 231 
1285 217 231 
1286 209 232 
1287 205 233 
1288 207 234 
1289 210 235 
1290 219 236 
1291 234 236 
1292 216 237 
1293 235 237 
1294 213 238 
1295 214 239 
1296 218 240 
1297 215 241 
1298 224 242 
1299 230 242 
1300 220 243 
1301 221 244 
1302 226 245 
1303 233 245 
1304 224 246 
1305 243 246 
1306 222 247 
1307 232 248 
1308 240 248 
1309 223 249 
1310 227 250 
1311 241 250 
1312 230 251 
1313 234 251 
1314 232 252 
1315 229 253 
1316 239 254 
1317 252 254 
1318 233 255 
1319 249 255 
1320 235 256 
1321 244 256 
1322 238 257 
1323 239 257 
1324 240 258 
1325 249 258 
1326 243 259 
1327 244 259 
1328 228 260 
1329 231 261 
1330 236 262 
1331 241 263 
1332 262 263 
1333 237 264 
1334 247 265 
1335 253 265 
1336 242 266 
1337 260 267 
1338 261 267 
1339 253 268 
1340 261 268 
1341 245 270 
1342 246 271 
1343 266 271 
1344 252 272 
1345 248 273 
1346 272 273 
1347 250 274 
1348 256 275 
1349 260 276 
1350 264 276 
1351 254 277 
1352 255 278 
1353 251 279 
1354 264 280 
1355 275 280 
1356 257 281 
1357 277 281 
1358 270 282 
1359 274 282 
1360 266 283 
1361 279 283 
1362 265 284 
1363 259 285 
1364 258 286 
1365 270 287 
1366 278 287 
1367 263 288 
1368 262 289 
1369 273 290 
1370 286 290 
1371 274 291 
1372 288 291 
1373 271 292 
1374 267 293 
1375 268 294 
1376 269 295 
1377 278 296 
1378 279 297 
1379 276 298 
1380 277 299 
1381 272 300 
1382 299 300 
1383 286 301 
1384 296 301 
1385 285 302 
1386 292 302 
1387 275 303 
1388 282 304 
1389 288 305 
1390 289 305 
1391 289 306 
1392 297 306 
1393 285 307 
1394 303 307 
1395 281 308 
1396 280 309 
1397 293 310 
1398 294 310 
1399 284 311 
1400 283 312 
1401 293 313 
1402 298 313 
1403 294 314 
1404 311 314 
1405 295 315 
1406 287 316 
1407 295 317 
1408 299 318 
1409 308 318 
1410 300 319 
1411 291 320 
1412 304 320 
1413 298 321 
1414 309 321 
1415 290 322 
1416 319 322 
1417 297 323 
1418 312 323 
1419 292 324 
1420 304 325 
1421 316 325 
1422 312 326 
1423 324 326 
1424 302 327 
1425 303 328 
1426 309 328 
1427 308 329 
1428 317 329 
1429 305 330 
1430 306 331 
1431 330 331 
1432 307 332 
1433 327 332 
1434 310 333 
1435 301 334 
1436 314 335 
1437 333 335 
1438 311 336 
1439 315 337 
1440 317 337 
1441 313 338 
1442 324 339 
1443 327 339 
1444 318 340 
1445 322 341 
1446 334 341 
1447 320 342 
1448 323 343 
1449 321 344 
1450 319 345 
1451 331 346 
1452 343 346 
1453 340 347 
1454 345 347 
1455 334 348 
1456 348 349 
1457 325 350 
1458 330 351 
1459 326 352 
1460 332 353 
1461 328 354 
1462 353 354 
1463 333 355 
1464 338 355 
1465 335 356 
1466 336 356 
1467 329 357 
1468 338 358 
1469 344 358 
1470 342 359 
1471 351 359 
1472 337 360 
1473 341 361 
1474 342 362 
1475 350 362 
1476 343 363 
1477 352 363 
1478 339 364 
1479 344 365 
1480 340 366 
1481 357 366 
1482 345 367 
1483 361 367 
1484 357 368 
1485 360 368 
1486 349 369 
1487 350 370 
1488 369 370 
1489 352 371 
1490 364 371 
1491 354 372 
1492 365 372 
1493 346 373 
1494 347 374 
1495 348 375 
1496 351 376 
1497 353 377 
1498 355 378 
1499 360 379 
1500 358 380 
1501 367 381 
1502 374 381 
1503 361 382 
1504 375 382 
1505 359 383 
1506 376 383 
1507 356 384 
1508 363 385 
1509 364 386 
1510 377 387 
1511 386 387 
1512 366 388 
1513 362 389 
1514 373 390 
1515 376 390 
1516 372 391 
1517 365 392 
1518 380 392 
1519 378 393 
1520 384 394 
1521 393 394 
1522 370 395 
1523 389 395 
1524 371 396 
1525 385 396 
1526 378 397 
1527 380 397 
1528 368 398 
1529 374 399 
1530 388 399 
1531 375 400 
1532 369 401 
1533 400 401 
1534 373 402 
1535 377 403 
1536 391 403 
1537 379 404 
1538 388 405 
1539 398 405 
1540 383 406 
1541 385 407 
1542 402 407 
1543 381 408 
1544 382 409 
1545 395 410 
1546 386 411 
1547 392 412 
1548 393 413 
1549 389 414 
1550 406 414 
1551 390 415 
1552 387 416 
1553 391 417 
1554 412 417 
1555 394 418 
1556 413 418 
1557 398 419 
1558 399 420 
1559 408 420 
1560 400 421 
1561 409 421 
1562 401 422 
1563 410 422 
1564 402 423 
1565 415 423 
1566 396 424 
1567 411 424 
1568 403 425 
1569 416 425 
1570 397 426 
1571 404 428 
1572 419 428 
1573 408 429 
1574 411 430 
1575 416 430 
1576 405 431 
1577 409 432 
1578 429 432 
1579 406 433 
1580 415 434 
1581 433 434 
1582 407 435 
1583 413 436 
1584 426 436 
1585 414 437 
1586 410 438 
1587 437 438 
1588 423 439 
1589 435 439 
1590 412 440 
1591 426 441 
1592 440 441 
1593 418 442 
1594 427 442 
1595 419 443 
1596 431 443 
1597 420 444 
1598 421 445 
1599 424 446 
1600 417 447 
1601 431 448 
1602 444 448 
1603 422 449 
1604 435 450 
1605 446 450 
1606 425 451 
1607 427 452 
1608 428 453 
1609 433 454 
1610 440 455 
1611 447 455 
1612 429 456 
1613 445 457 
1614 449 457 
1615 430 458 
1616 447 459 
1617 451 459 
1618 441 460 
1619 436 461 
1620 460 461 
1621 432 462 
1622 438 463 
1623 449 463 
1624 437 464 
1625 454 464 
1626 434 465 
1627 444 466 
1628 456 466 
1629 451 467 
1630 458 467 
1631 442 468 
1632 443 469 
1633 445 470 
1634 462 470 
1635 439 471 
1636 446 472 
1637 448 473 
1638 454 474 
1639 465 474 
1640 452 475 
1641 468 475 
1642 453 476 
1643 469 476 
1644 456 477 
1645 462 477 
1646 465 478 
1647 471 478 
1648 450 479 
1649 458 480 
1650 472 480 
1651 461 481 
1652 466 482 
1653 473 482 
1654 457 483 
1655 463 484 
1656 464 485 
1657 471 486 
1658 479 486 
1659 472 487 
1660 479 487 
1661 459 488 
1662 455 489 
1663 460 490 
1664 468 491 
1665 467 492 
1666 469 493 
1667 470 494 
1668 483 494 
1669 481 495 
1670 491 495 
1671 473 496 
1672 493 496 
1673 489 497 
1674 490 497 
1675 476 498 
1676 484 499 
1677 485 499 
1678 488 500 
1679 489 500 
1680 481 501 
1681 490 501 
1682 475 502 
1683 477 503 
1684 474 504 
1685 478 505 
1686 480 506 
1687 488 507 
1688 492 507 
1689 483 508 
1690 485 509 
1691 504 509 
1692 498 510 
1693 493 511 
1694 498 511 
1695 484 512 
1696 508 512 
1697 486 513 
1698 487 514 
1699 492 515 
1700 506 515 
1701 491 516 
1702 502 516 
1703 482 517 
1704 496 518 
1705 517 518 
1706 494 519 
1707 504 520 
1708 505 520 
1709 505 521 
1710 513 521 
1711 506 522 
1712 514 522 
1713 495 523 
1714 503 524 
1715 503 525 
1716 519 525 
1717 499 526 
1718 497 527 
1719 517 528 
1720 524 528 
1721 509 529 
1722 526 529 
1723 507 530 
1724 500 531 
1725 501 532 
1726 508 533 
1727 513 534 
1728 514 535 
1729 534 535 
1730 515 536 
1731 530 536 
1732 510 537 
1733 512 538 
1734 527 539 
1735 532 539 
1736 523 540 
1737 532 540 
1738 516 541 
1739 523 541 
1740 511 542 
1741 519 543 
1742 533 543 
1743 527 544 
1744 531 544 
1745 524 545 
1746 525 545 
1747 520 546 
1748 530 547 
1749 531 547 
1750 518 548 
1751 526 549 
1752 538 549 
1753 521 550 
1754 546 550 
1755 522 551 
1756 537 552 
1757 542 552 
1758 533 553 
1759 538 553 
1760 528 554 
1761 529 555 
1762 535 556 
1763 551 556 
1764 536 557 
1765 548 558 
1766 554 558 
1767 534 559 
1768 541 560 
1769 550 561 
1770 559 561 
1771 551 562 
1772 557 562 
1773 539 563 
1774 542 564 
1775 548 565 
1776 564 565 
1777 545 566 
1778 543 567 
1779 544 568 
1780 563 568 
1781 540 569 
1782 560 570 
1783 555 571 
1784 546 572 
1785 571 572 
1786 547 573 
1787 553 574 
1788 549 575 
1789 552 576 
1790 554 577 
1791 566 578 
1792 567 578 
1793 555 579 
1794 575 579 
1795 559 580 
1796 556 581 
1797 580 581 
1798 557 582 
1799 573 583 
1800 582 583 
1801 560 584 
1802 569 584 
1803 564 585 
1804 576 585 
1805 567 586 
1806 574 586 
1807 563 587 
1808 569 588 
1809 587 588 
1810 565 589 
1811 558 590 
1812 589 590 
1813 566 591 
1814 577 591 
1815 562 592 
1816 571 593 
1817 579 593 
1818 572 594 
1819 561 595 
1820 570 596 
1821 574 597 
1822 575 598 
1823 597 598 
1824 573 599 
1825 568 600 
1826 577 601 
1827 590 601 
1828 578 602 
1829 580 603 
1830 595 603 
1831 582 604 
1832 592 604 
1833 587 605 
1834 600 605 
1835 584 606 
1836 594 607 
1837 595 607 
1838 581 608 
1839 599 609 
1840 600 609 
1841 591 610 
1842 602 610 
1843 586 611 
1844 592 612 
1845 608 612 
1846 583 613 
1847 599 613 
1848 588 614 
1849 606 614 
1850 585 615 
1851 597 616 
1852 611 616 
1853 594 617 
1854 589 618 
1855 615 618 
1856 598 619 
1857 596 620 
1858 593 621 
1859 601 622 
1860 608 623 
1861 606 624 
1862 620 624 
1863 619 625 
1864 621 625 
1865 607 626 
1866 617 626 
1867 603 627 
1868 623 627 
1869 610 628 
1870 622 628 
1871 602 629 
1872 612 630 
1873 613 631 
1874 609 632 
1875 605 633 
1876 615 634 
1877 611 635 
1878 629 635 
1879 617 636 
1880 621 636 
1881 614 637 
1882 634 638 
1883 618 639 
1884 616 640 
1885 620 641 
1886 619 642 
1887 640 642 
1888 633 643 
1889 637 643 
1890 632 644 
1891 633 644 
1892 623 645 
1893 624 646 
1894 622 647 
1895 627 648 
1896 630 649 
1897 645 649 
1898 631 650 
1899 632 651 
1900 650 651 
1901 637 652 
1902 646 652 
1903 639 653 
1904 647 653 
1905 628 654 
1906 629 655 
1907 654 655 
1908 625 656 
1909 636 657 
1910 626 658 
1911 638 659 
1912 634 660 
1913 639 661 
1914 660 661 
1915 635 662 
1916 640 663 
1917 662 663 
1918 642 664 
1919 648 665 
1920 658 665 
1921 641 666 
1922 656 667 
1923 657 667 
1924 645 668 
1925 644 669 
1926 643 670 
1927 647 671 
1928 655 672 
1929 648 673 
1930 668 673 
1931 646 675 
1932 666 675 
1933 656 676 
1934 664 676 
1935 649 677 
1936 650 678 
1937 674 678 
1938 652 679 
1939 670 679 
1940 654 680 
1941 671 680 
1942 663 681 
1943 664 681 
1944 657 682 
1945 658 683 
1946 682 683 
1947 651 684 
1948 666 685 
1949 659 686 
1950 660 687 
1951 686 687 
1952 661 688 
1953 653 689 
1954 688 689 
1955 669 690 
1956 670 690 
1957 662 691 
1958 672 691 
1959 665 692 
1960 683 692 
1961 674 693 
1962 677 694 
1963 693 694 
1964 669 695 
1965 684 695 
1966 671 696 
1967 689 696 
1968 672 697 
1969 667 698 
1970 668 699 
1971 677 699 
1972 673 700 
1973 678 701 
1974 684 701 
1975 675 702 
1976 680 703 
1977 697 703 
1978 676 704 
1979 698 704 
1980 682 705 
1981 698 705 
1982 679 706 
1983 686 707 
1984 687 708 
1985 688 709 
1986 708 709 
1987 691 710 
1988 681 711 
1989 692 712 
1990 700 712 
1991 702 713 
1992 706 713 
1993 685 714 
1994 697 715 
1995 710 715 
1996 694 716 
1997 693 717 
1998 716 717 
1999 695 718 
2000 690 719 
2001 702 720 
2002 714 720 
2003 707 721 
2004 708 721 
2005 696 722 
2006 700 723 
2007 699 724 
2008 723 724 
2009 701 725 
2010 706 726 
2011 719 726 
2012 703 727 
2013 711 728 
2014 711 729 
2015 704 730 
2016 728 730 
2017 705 731 
2018 718 732 
2019 719 732 
2020 710 733 
2021 729 733 
2022 709 734 
2023 722 735 
2024 727 735 
2025 718 736 
2026 725 736 
2027 722 737 
2028 734 737 
2029 712 738 
2030 717 739 
2031 725 740 
2032 739 740 
2033 723 741 
2034 738 741 
2035 724 742 
2036 713 743 
2037 727 744 
2038 715 745 
2039 744 745 
2040 731 746 
2041 716 747 
2042 742 747 
2043 726 748 
2044 720 749 
2045 743 749 
2046 721 750 
2047 728 751 
2048 729 751 
2049 730 752 
2050 746 752 
2051 731 753 
2052 734 754 
2053 733 755 
2054 738 756 
2055 732 757 
2056 743 758 
2057 748 758 
2058 753 759 
2059 756 759 
2060 736 760 
2061 737 761 
2062 735 762 
2063 747 763 
2064 739 764 
2065 763 764 
2066 740 765 
2067 760 765 
2068 745 766 
2069 755 766 
2070 746 767 
2071 753 767 
2072 741 768 
2073 748 769 
2074 757 769 
2075 750 770 
2076 750 771 
2077 754 771 
2078 751 772 
2079 742 773 
2080 768 773 
2081 744 774 
2082 762 774 
2083 749 775 
2084 752 776 
2085 757 777 
2086 754 778 
2087 761 778 
2088 761 779 
2089 762 779 
2090 755 780 
2091 756 781 
2092 760 782 
2093 777 782 
2094 772 783 
2095 776 783 
2096 759 784 
2097 781 784 
2098 758 785 
2099 775 786 
2100 772 787 
2101 780 787 
2102 764 788 
2103 770 789 
2104 767 790 
2105 768 791 
2106 773 792 
2107 763 793 
2108 765 794 
2109 788 794 
2110 775 795 
2111 785 795 
2112 771 796 
2113 789 796 
2114 766 797 
2115 776 798 
2116 790 798 
2117 769 799 
2118 774 800 
2119 781 801 
2120 791 801 
2121 780 802 
2122 797 802 
2123 777 803 
2124 799 803 
2125 778 804 
2126 792 805 
2127 793 805 
2128 788 806 
2129 793 806 
2130 779 807 
2131 797 808 
2132 800 808 
2133 785 809 
2134 796 810 
2135 804 810 
2136 787 811 
2137 783 812 
2138 811 812 
2139 784 813 
2140 782 814 
2141 799 815 
2142 809 815 
2143 786 816 
2144 800 817 
2145 807 817 
2146 790 818 
2147 813 818 
2148 791 819 
2149 792 820 
2150 819 820 
2151 794 821 
2152 795 822 
2153 816 822 
2154 789 823 
2155 814 824 
2156 821 824 
2157 798 825 
2158 801 826 
2159 803 827 
2160 814 827 
2161 804 828 
2162 802 829 
2163 812 830 
2164 825 830 
2165 806 831 
2166 807 832 
2167 828 832 
2168 811 833 
2169 829 833 
2170 813 834 
2171 805 835 
2172 816 836 
2173 810 837 
2174 808 838 
2175 819 839 
2176 826 839 
2177 809 840 
2178 823 841 
2179 837 841 
2180 829 842 
2181 838 842 
2182 818 843 
2183 826 844 
2184 834 844 
2185 820 845 
2186 835 845 
2187 815 846 
2188 822 847 
2189 840 847 
2190 817 848 
2191 825 849 
2192 843 849 
2193 828 850 
2194 834 851 
2195 843 851 
2196 827 852 
2197 840 853 
2198 846 853 
2199 837 854 
2200 850 854 
2201 832 855 
2202 838 856 
2203 848 856 
2204 835 857 
2205 824 858 
2206 836 859 
2207 831 860 
2208 857 860 
2209 858 861 
2210 846 862 
2211 852 862 
2212 830 863 
2213 841 864 
2214 848 865 
2215 855 865 
2216 833 866 
2217 839 867 
2218 845 868 
2219 847 869 
2220 849 870 
2221 863 870 
2222 844 871 
2223 850 872 
2224 855 872 
2225 842 873 
2226 863 874 
2227 866 874 
2228 858 875 
2229 852 876 
2230 875 876 
2231 851 877 
2232 867 878 
2233 871 878 
2234 867 879 
2235 868 879 
2236 853 880 
2237 854 881 
2238 856 882 
2239 866 883 
2240 873 883 
2241 861 884 
2242 862 885 
2243 859 886 
2244 869 886 
2245 864 887 
2246 881 887 
2247 860 888 
2248 884 888 
2249 869 889 
2250 880 889 
2251 865 890 
2252 873 891 
2253 882 891 
2254 871 892 
2255 877 892 
2256 876 893 
2257 872 894 
2258 870 895 
2259 880 896 
2260 885 896 
2261 882 897 
2262 890 897 
2263 877 898 
2264 875 899 
2265 874 900 
2266 885 901 
2267 893 901 
2268 890 902 
2269 894 902 
2270 895 903 
2271 898 903 
2272 878 904 
2273 879 905 
2274 884 907 
2275 899 907 
2276 881 908 
2277 883 909 
2278 892 910 
2279 904 910 
2280 888 911 
2281 887 912 
2282 894 913 
2283 908 913 
2284 905 914 
2285 906 914 
2286 893 915 
2287 899 915 
2288 886 916 
2289 891 917 
2290 889 918 
2291 898 919 
2292 906 920 
2293 911 920 
2294 909 921 
2295 917 921 
2296 904 922 
2297 905 922 
2298 897 923 
2299 909 924 
2300 900 925 
2301 924 925 
2302 896 926 
2303 902 927 
2304 910 928 
2305 919 928 
2306 911 929 
2307 907 930 
2308 929 930 
2309 901 931 
2310 916 932 
2311 918 932 
2312 917 933 
2313 923 933 
2314 903 934 
2315 918 935 
2316 926 935 
2317 913 936 
2318 923 937 
2319 927 937 
2320 921 938 
2321 924 938 
2322 914 939 
2323 915 940 
2324 927 941 
2325 936 941 
2326 925 942 
2327 919 943 
2328 934 943 
2329 920 944 
2330 926 945 
2331 931 945 
2332 931 946 
2333 940 946 
2334 922 948 
2335 930 949 
2336 936 950 
2337 947 950 
2338 934 951 
2339 939 952 
2340 944 952 
2341 932 953 
2342 939 954 
2343 948 954 
2344 929 955 
2345 944 955 
2346 940 956 
2347 949 956 
2348 935 957 
2349 953 957 
2350 5 958 
2351 39 958 
2352 821 959 
2353 831 959 
2354 861 959 
2355 604 960 
2356 630 960 
2357 631 961 
2358 674 961 
2359 960 961 
2360 99 962 
2361 127 962 
2362 153 962 
2363 316 963 
2364 349 963 
2365 225 964 
2366 238 964 
2367 269 964 
2368 384 965 
2369 427 965 
2370 857 966 
2371 868 966 
2372 906 966 
2373 895 967 
2374 900 967 
2375 908 968 
2376 912 968 
2377 947 968 
2378 942 969 
2379 951 969 
2380 8 970 
2381 21 970 
2382 963 296 
2383 969 967 
