O 39.9787920059006 10.1039855247814 99.9730948564776
O 58.1657407137572 10.7924935468901 99.9730948564776
O 63.5649450899829 10.7361778382435 99.9730948564776
O 70.1071723270392 11.2731699706086 99.9730948564776
O 21.6834013058945 10.5786671453629 99.9730948564776
O 35.1349549292030 11.4764281612933 99.9730948564776
O 54.7030908382910 10.7122888193217 99.9730948564776
O 56.4500204008736 10.5563066736141 99.9730948564776
O 75.2451077592637 10.8418021330743 99.9730948564776
O 41.6918931201119 10.6535638565063 99.9730948564776
O 43.3858105154066 11.2394142502923 99.9730948564776
O 52.9439426437815 10.6051453005636 99.9730948564776
O 23.3823755806945 10.9140473932066 99.9730948564776
O 25.0676686607686 11.4598198962682 99.9730948564776
O 38.5826154885774 11.2527753497595 99.9730948564776
O 36.8454458277332 11.0869754810200 99.9730948564776
O 71.8500154225581 11.0793899448377 99.9730948564776
O 73.5561371101638 11.0813438077403 99.9730948564776
O 81.0605864061510 11.5619683009416 99.9730948564776
O 17.2082535613866 11.2283038040337 99.9730948564776
O 26.8591492906879 11.4462973743744 99.9730948564776
O 28.5671884425319 11.8689477239932 99.9730948564776
O 68.3622266503382 11.4481006088792 99.9730948564776
O 20.1881532342918 11.4525892119451 99.9730948564776
O 18.6148156828465 12.2283009093306 99.9730948564776
O 48.0176786732342 11.6797603887354 99.9730948564776
O 65.2222084247927 11.2388587635875 99.9730948564776
O 66.7360028652799 12.0447037732296 99.9730948564776
O 45.1046369700240 11.5570686799827 99.9730948564776
O 46.4974631148768 12.6095854137455 99.9730948564776
O 59.6176491642976 11.7361867290961 99.9730948564776
O 55.6829490618750 12.1400170041649 99.9730948564776
O 62.1671999192437 11.7589627947051 99.9730948564776
O 60.8793012878060 12.9252691229395 99.9730948564776
O 76.6217758732058 11.8492640070660 99.9730948564776
O 30.2737719963389 12.3140084684175 99.9730948564776
O 33.4201931502625 11.8470227717770 99.9730948564776
O 31.9443195429678 12.7201521485782 99.9730948564776
O 82.6676882919702 12.2084599868589 99.9730948564776
O 23.7432927630640 12.6011526933016 99.9730948564776
O 42.0388813619974 12.3417544482367 99.9730948564776
O 52.0252990844709 12.2052324758585 99.9730948564776
O 72.7582283645200 12.6113936265101 99.9730948564776
O 79.4741797030429 12.5711673796240 99.9730948564776
O 77.7287102466589 13.1389671378103 99.9730948564776
O 37.5392377118724 12.6994561211933 99.9730948564776
O 17.0215759059896 12.9689825159369 99.9730948564776
O 15.3488489721492 13.4843794397281 99.9730948564776
O 20.0235511822854 13.2221517725775 99.9730948564776
O 65.3098692160895 13.0242098855704 99.9730948564776
O 75.9620951060154 13.4535723888520 99.9730948564776
O 74.1845491555674 13.6438555990023 99.9730948564776
O 13.6129894182469 13.6061941498489 99.9730948564776
O 44.8547884064486 13.2587299116872 99.9730948564776
O 43.1359862264698 13.6646930750500 99.9730948564776
O 54.5973976311809 13.5189037962026 99.9730948564776
O 52.8641195234381 13.7158550321792 99.9730948564776
O 59.1873430188585 13.3786823604273 99.9730948564776
O 68.0503394682164 13.1554932241510 99.9730948564776
O 27.3730045780300 13.1169223238587 99.9730948564776
O 48.0204771009309 13.4175660178393 99.9730948564776
O 62.5157269393529 13.5034362355364 99.9730948564776
O 64.0842313365965 14.2615761423316 99.9730948564776
O 22.8557713120891 14.1125975606703 99.9730948564776
O 21.1500334687510 14.5451868177927 99.9730948564776
O 33.4393164530216 13.5827168464988 99.9730948564776
O 51.1303674951931 13.8237483403057 99.9730948564776
O 49.4443576075124 14.3912399378890 99.9730948564776
O 56.3158083559567 13.7624861635593 99.9730948564776
O 57.8832760422829 14.5241389706870 99.9730948564776
O 24.6077954259529 14.0876114320505 99.9730948564776
O 26.3160440774179 14.4865421547445 99.9730948564776
O 36.5128519179621 14.1603394444021 99.9730948564776
O 34.8144157979896 14.6180229637426 99.9730948564776
O 82.9126321328081 13.9228685251727 99.9730948564776
O 30.7670324966429 13.9761381371679 99.9730948564776
O 38.2382346705637 14.3096861011728 99.9730948564776
O 41.3962432613315 13.9636172365062 99.9730948564776
O 39.8807466629998 14.8915448507296 99.9730948564776
O 69.1949368161561 14.4388087467947 99.9730948564776
O 72.5597116348344 14.3421723503849 99.9730948564776
O 70.8720517777921 14.8652236286963 99.9730948564776
O 65.7651271230970 14.7397451146150 99.9730948564776
O 67.4945181596632 14.8006816992627 99.9730948564776
O 79.0295624676266 14.2754415963401 99.9730948564776
O 16.6086042910760 14.6756715306739 99.9730948564776
O 28.0526432330160 14.7263153082876 99.9730948564776
O 29.7077749345303 15.3270781671786 99.9730948564776
O 19.4235013856741 14.8847816438325 99.9730948564776
O 17.9064201627608 15.8189067763991 99.9730948564776
O 75.2331989908472 15.0299535029509 99.9730948564776
O 12.4577575073615 15.1908247577886 99.9730948564776
O 33.1886112808777 15.2967520519746 99.9730948564776
O 31.4551202483243 15.5642486177394 99.9730948564776
O 44.3310006395597 14.9046050497137 99.9730948564776
O 47.8273396128930 15.1438675801344 99.9730948564776
O 59.5530942520753 15.0400649912838 99.9730948564776
O 62.6571059119221 15.2703092763880 99.9730948564776
O 61.0527423063889 15.9238890515818 99.9730948564776
O 81.8013289713553 15.4277532010883 99.9730948564776
O 80.0653744078206 15.6764601537962 99.9730948564776
O 11.2522416202856 16.3399709242151 99.9730948564776
O 22.3744473205299 15.7849714269261 99.9730948564776
O 41.4236288431261 15.6862929766593 99.9730948564776
O 43.1050420802102 16.1318579752364 99.9730948564776
O 53.8915472838203 15.1180980886936 99.9730948564776
O 78.3179540726865 15.8864775445328 99.9730948564776
O 76.5728056261912 16.1326278572070 99.9730948564776
O 25.1057677724681 15.7301390365269 99.9730948564776
O 23.7634421369900 16.8331833473839 99.9730948564776
O 50.6709885386348 15.5844570078260 99.9730948564776
O 56.4455050218568 15.4953201400093 99.9730948564776
O 55.0002192504244 16.4548710882981 99.9730948564776
O 36.0012082747422 15.8548934565800 99.9730948564776
O 38.5313606118863 16.0341938458386 99.9730948564776
O 37.1462305315410 17.1306288598487 99.9730948564776
O 69.6174245406222 16.1048589944808 99.9730948564776
O 72.1167923612499 16.0384038738608 99.9730948564776
O 16.2018881874924 16.3799471096133 99.9730948564776
O 66.6327464362811 16.3033730296532 99.9730948564776
O 68.1816614564076 17.1213803431634 99.9730948564776
O 12.9040920807074 16.8870073077692 99.9730948564776
O 14.5994066358106 17.2193230737501 99.9730948564776
O 28.3873255790448 16.4327505638294 99.9730948564776
O 44.7905572431030 16.5635283087999 99.9730948564776
O 46.5171691464454 16.3748552688492 99.9730948564776
O 53.2856339332806 16.7594587043740 99.9730948564776
O 51.5727620231088 17.0706799545502 99.9730948564776
O 74.9246942564062 16.7465515446693 99.9730948564776
O 73.2594269178653 17.3136943638935 99.9730948564776
O 19.4594213040376 16.6250267434300 99.9730948564776
O 48.1679457702113 16.8250212497584 99.9730948564776
O 49.8372766475425 17.1897825969538 99.9730948564776
O 32.5506717495500 16.9149777529875 99.9730948564776
O 81.0566982605614 17.1022226315885 99.9730948564776
O 10.1167815700300 17.5565594020205 99.9730948564776
O 22.1622419374991 17.5174471925445 99.9730948564776
O 20.5078242416012 18.0447500430114 99.9730948564776
O 25.4105846130496 17.4191368744345 99.9730948564776
O 27.1482801722896 17.6311477894675 99.9730948564776
O 41.8749729383362 17.3541675521236 99.9730948564776
O 56.5640057921717 17.2286579769799 99.9730948564776
O 59.5191992220425 16.7423804208346 99.9730948564776
O 58.1916592317606 17.8533990457378 99.9730948564776
O 62.3820242606982 17.0339425297183 99.9730948564776
O 35.4098066149726 17.5203052751965 99.9730948564776
O 33.7432657960565 18.1732981119506 99.9730948564776
O 38.7647974782221 17.7699118307380 99.9730948564776
O 40.4218031583511 18.3009838552607 99.9730948564776
O 69.7971988219546 17.8167356074427 99.9730948564776
O 71.5428383274808 17.6960124422424 99.9730948564776
O 77.6194185242177 17.5036176133618 99.9730948564776
O 16.0458964903760 18.1108336780437 99.9730948564776
O 82.2172171966328 18.2919980390490 99.9730948564776
O 28.8276091753402 18.1162149649925 99.9730948564776
O 18.7651014471080 18.2043128552461 99.9730948564776
O 17.3333799207772 19.2260766507886 99.9730948564776
O 31.9829117204899 18.5557552622377 99.9730948564776
O 30.2633659081239 19.1118292772466 99.9730948564776
O 45.7536926377973 17.9865733955870 99.9730948564776
O 59.8450923864065 18.4164306013101 99.9730948564776
O 61.5796294594268 18.6082975105101 99.9730948564776
O 63.3311717217622 18.5055187764981 99.9730948564776
O 80.5244607498469 18.7795307900832 99.9730948564776
O 78.7810364331025 18.7753864613694 99.9730948564776
O 13.4020675175690 18.5573151399467 99.9730948564776
O 48.5514365062380 18.4924135104845 99.9730948564776
O 46.9108373283790 19.2416489767573 99.9730948564776
O 52.6989092881541 18.4064122758405 99.9730948564776
O 74.5430284000968 18.4514397260826 99.9730948564776
O 21.8265226270028 19.2291671348602 99.9730948564776
O 10.6940489163034 19.1879012419656 99.9730948564776
O 12.2481427665812 19.9329880279014 99.9730948564776
O 26.0966272830221 18.9960002568496 99.9730948564776
O 41.9795410936762 19.0787185621685 99.9730948564776
O 56.8510620128484 18.9445793612657 99.9730948564776
O 77.0867184619297 19.1864306536032 99.9730948564776
O 75.4824010461080 19.8906936719197 99.9730948564776
O 35.1220569560518 19.2462929088096 99.9730948564776
O 53.9379422963501 19.6333331968910 99.9730948564776
O 55.6162898940365 20.1541102572731 99.9730948564776
O 70.7517406636832 19.2669575913252 99.9730948564776
O 15.6859648879856 19.8204680829198 99.9730948564776
O 13.9832014331229 20.1946369766306 99.9730948564776
O 39.1582893578468 19.4822671677473 99.9730948564776
O 45.1493729812888 19.6586464650725 99.9730948564776
O 43.3900781621334 20.0875286478955 99.9730948564776
O 18.8946973484197 19.9176138170166 99.9730948564776
O 23.2919988855307 20.2060448744137 99.9730948564776
O 25.1104460786033 20.3976693980068 99.9730948564776
O 28.6112260859340 19.8270924177262 99.9730948564776
O 26.9393268195191 20.4875019949074 99.9730948564776
O 60.4665607365214 20.0002013493964 99.9730948564776
O 64.0425707377707 20.0993220908007 99.9730948564776
O 73.7293353036476 19.9983600464261 99.9730948564776
O 72.0214192611816 20.4351360514950 99.9730948564776
O 82.8049420644483 19.8544105850698 99.9730948564776
O 52.2611751122665 20.1020751785470 99.9730948564776
O 65.3724573575718 21.2188225133993 99.9730948564776
O 79.6010671079872 20.2863219370044 99.9730948564776
O 31.5873374172423 20.2361154633907 99.9730948564776
O 36.3907674346507 20.4546254699792 99.9730948564776
O 38.1427741031333 20.8837686668869 99.9730948564776
O 48.3285673252331 20.2280680884566 99.9730948564776
O 57.3075365950523 20.6216752455045 99.9730948564776
O 59.0109593411900 21.0240849769341 99.9730948564776
O 21.6747798297527 20.9706724194542 99.9730948564776
O 19.9285216477373 21.2591445053817 99.9730948564776
O 41.7204883865509 20.7789909782720 99.9730948564776
O 39.9488935526457 21.0383544034495 99.9730948564776
O 76.8620041659523 20.9288489345084 99.9730948564776
O 78.4376984219967 21.6144957548437 99.9730948564776
O 10.7142597369294 20.9106685542576 99.9730948564776
O 34.6791237635304 20.9356934129336 99.9730948564776
O 32.9455878185929 21.3229124301709 99.9730948564776
O 67.1283342751948 21.4694045937555 99.9730948564776
O 70.3502066125161 20.9848740640182 99.9730948564776
O 68.8524620076900 21.9299190143348 99.9730948564776
O 81.7129078214697 21.2018567190737 99.9730948564776
O 80.1381485465161 21.9272903631139 99.9730948564776
O 44.5650797214733 21.3358475067903 99.9730948564776
O 50.9406664660733 21.2579641494448 99.9730948564776
O 49.2387006445674 21.7129312978934 99.9730948564776
O 15.1716919824378 21.4889040827890 99.9730948564776
O 24.0349543180401 21.7409343088208 99.9730948564776
O 28.3551594801202 21.5340132460264 99.9730948564776
O 52.5958058813760 21.8058895003643 99.9730948564776
O 60.6103593951569 21.7089144683230 99.9730948564776
O 63.6820981464026 21.7930417035698 99.9730948564776
O 62.0912960155392 22.6168958262203 99.9730948564776
O 73.2314733384914 21.6643753178689 99.9730948564776
O 18.1689570931496 21.4938296636566 99.9730948564776
O 16.6472829911930 22.4167226301894 99.9730948564776
O 31.2832894406566 21.9389452776188 99.9730948564776
O 29.6814082212470 22.6964688627341 99.9730948564776
O 47.4647655728580 21.7416637614035 99.9730948564776
O 45.8330096160814 22.4841116957744 99.9730948564776
O 36.8774939683410 22.0936070244383 99.9730948564776
O 41.0846883222690 22.3973457288157 99.9730948564776
O 57.7783265464981 22.2921265630641 99.9730948564776
O 70.4322898344377 22.7268389826304 99.9730948564776
O 72.1600978378617 23.0326166713844 99.9730948564776
O 20.9587630738102 22.6003442610905 99.9730948564776
O 34.1164672091002 22.5955128774896 99.9730948564776
O 35.6563937331681 23.3591282114809 99.9730948564776
O 77.0282162415763 22.6792518993954 99.9730948564776
O 11.2365931883198 22.5681385094832 99.9730948564776
O 73.9047008929994 23.2564180341553 99.9730948564776
O 75.6023578794147 23.7170943179964 99.9730948564776
O 81.5483137947149 22.9271722549232 99.9730948564776
O 15.0682806394729 23.2394102309254 99.9730948564776
O 18.2130788255017 23.2025927624647 99.9730948564776
O 19.7961430118211 23.9464105078688 99.9730948564776
O 22.8755056164820 23.0243181311218 99.9730948564776
O 21.5596717499738 24.1934982395268 99.9730948564776
O 24.6068586946103 23.3521660579198 99.9730948564776
O 27.9732818302456 23.2145873291301 99.9730948564776
O 26.2948637123940 23.8383638408581 99.9730948564776
O 44.1402946054420 23.0645755686691 99.9730948564776
O 42.4243019085373 23.5434500699275 99.9730948564776
O 50.5051939031507 22.9322684751450 99.9730948564776
O 67.6139385742747 23.1674130208092 99.9730948564776
O 47.2609708389901 23.4462940551949 99.9730948564776
O 53.9669402810911 22.8981534397227 99.9730948564776
O 60.4869395319350 23.4173074930681 99.9730948564776
O 58.7294804918393 23.7219971971260 99.9730948564776
O 63.5810680454432 23.5109916137097 99.9730948564776
O 56.9521132932370 23.8622122165615 99.9730948564776
O 55.1855960182883 24.1499033574220 99.9730948564776
O 11.7372614122757 24.2320367242492 99.9730948564776
O 13.5317526650332 24.1448252974252 99.9730948564776
O 31.1764101055350 23.6574734368096 99.9730948564776
O 37.3407998586021 23.7446962426347 99.9730948564776
O 34.2085492206896 24.3533121875287 99.9730948564776
O 32.5362479203743 24.8128874743885 99.9730948564776
O 40.7389884803460 24.1133055548998 99.9730948564776
O 38.9813388627391 24.2779588902605 99.9730948564776
O 49.9743380861508 24.5769179468233 99.9730948564776
O 48.2396707634921 24.8602825601460 99.9730948564776
O 51.6944110799795 24.2295810623968 99.9730948564776
O 53.4388426665629 24.5374225887382 99.9730948564776
O 23.2450569974288 24.6850309140144 99.9730948564776
O 24.9717960046077 25.0171754750546 99.9730948564776
O 66.4900306516923 24.5213566177629 99.9730948564776
O 64.7598212924284 24.7921964452580 99.9730948564776
O 71.0607135966512 24.3763846591019 99.9730948564776
O 77.1997716198239 24.4271247378012 99.9730948564776
O 15.0687993085396 24.9874760496182 99.9730948564776
O 18.2684707545089 24.9091958346485 99.9730948564776
O 16.6572958363601 25.7193706086936 99.9730948564776
O 43.6671182630824 24.7822733369209 99.9730948564776
O 68.1966837306224 24.8338175851851 99.9730948564776
O 69.7912331915269 25.5509388142889 99.9730948564776
O 74.3252181922854 24.9263770855495 99.9730948564776
O 27.6532271279892 24.9065432017802 99.9730948564776
O 46.4852403586419 24.9871512756581 99.9730948564776
O 44.9961495893782 25.9180144618359 99.9730948564776
O 59.8548504345656 25.0310801897470 99.9730948564776
O 63.0437144431051 25.1468292252021 99.9730948564776
O 61.4085619458021 25.7837746604498 99.9730948564776
O 81.4191296679736 24.8224207401016 99.9730948564776
O 30.8884179668708 25.3503867652685 99.9730948564776
O 29.1873983832633 25.7144646888192 99.9730948564776
O 56.2863134080975 25.4951016036027 99.9730948564776
O 12.6965405415154 25.6703407665622 99.9730948564776
O 37.6425882159437 25.4330842101840 99.9730948564776
O 39.9256457667541 25.6911857822526 99.9730948564776
O 38.5818510503675 26.8501721522067 99.9730948564776
O 71.4508034912447 26.1031192906002 99.9730948564776
O 73.1764073698797 26.2631149418761 99.9730948564776
O 78.2668822785251 25.8419387365377 99.9730948564776
O 80.0049581337205 25.8353626662584 99.9730948564776
O 52.2922972894479 25.8600279953012 99.9730948564776
O 76.5444111301478 26.0318042085202 99.9730948564776
O 74.8854168688658 26.5534577435513 99.9730948564776
O 23.7864987229544 26.3000410841769 99.9730948564776
O 33.7885862851071 26.0724279953266 99.9730948564776
O 49.3353527527541 26.1874379776108 99.9730948564776
O 65.8447372148810 26.1481940394260 99.9730948564776
O 46.5849628443187 26.6935867923549 99.9730948564776
O 48.1725171541509 27.4727536891690 99.9730948564776
O 68.3971292344658 26.5807609302306 99.9730948564776
O 66.9323758199049 27.5028933928981 99.9730948564776
O 15.1813240645954 26.7342746469312 99.9730948564776
O 18.1441705614412 26.6206190132432 99.9730948564776
O 27.7118399705666 26.6318293789699 99.9730948564776
O 43.3476534627813 26.5429320342637 99.9730948564776
O 55.1332806830384 26.8115921628297 99.9730948564776
O 53.4020213566943 27.1800930435170 99.9730948564776
O 59.9575573712598 26.7648187939319 99.9730948564776
O 62.7664809129596 26.8443202164040 99.9730948564776
O 36.7973429943072 26.9778757291079 99.9730948564776
O 35.0380557238044 27.3308923379686 99.9730948564776
O 56.8495926067221 27.1614966980374 99.9730948564776
O 58.5091069232008 27.7452170197159 99.9730948564776
O 81.4963128692439 26.6890307973930 99.9730948564776
O 24.5759970198502 27.8057031561101 99.9730948564776
O 26.3749842667186 27.7330033313473 99.9730948564776
O 30.3596258928636 26.9888460372269 99.9730948564776
O 40.2415429687672 27.3789208035930 99.9730948564776
O 41.9562404288048 27.6775775353396 99.9730948564776
O 51.6631890804942 27.5021985239063 99.9730948564776
O 49.9217859838950 27.8025662048371 99.9730948564776
O 22.7794901494762 27.7179675734116 99.9730948564776
O 79.1684603341406 27.3619232470951 99.9730948564776
O 19.2803164841639 27.9333396233871 99.9730948564776
O 21.0699844007339 28.3101343591200 99.9730948564776
O 33.3041254264819 27.7684639238562 99.9730948564776
O 31.5701532744025 28.2189262282423 99.9730948564776
O 65.2171133001014 27.7833064205156 99.9730948564776
O 63.5706838057498 28.3613182560428 99.9730948564776
O 15.6893262706855 28.3838988943122 99.9730948564776
O 17.4872112184148 28.2022229821905 99.9730948564776
O 28.0633770939589 28.3167085973078 99.9730948564776
O 29.8172465033624 28.6171616803121 99.9730948564776
O 60.0981597520617 28.4929768487587 99.9730948564776
O 61.8278457524969 28.2959036574966 99.9730948564776
O 72.1957621154132 27.7179431916697 99.9730948564776
O 76.1515314815926 27.7225077123756 99.9730948564776
O 46.6876461989871 28.4000493494658 99.9730948564776
O 43.5678372985973 28.2889528949819 99.9730948564776
O 45.0869540980253 29.1205541925764 99.9730948564776
O 68.4594071306545 28.3404236640688 99.9730948564776
O 81.8417094087310 28.3800115420236 99.9730948564776
O 80.1660336911368 28.8169256294670 99.9730948564776
O 54.5720815802576 28.4513170028270 99.9730948564776
O 73.2592705954980 29.1226456573149 99.9730948564776
O 75.0084081229438 29.0308407628354 99.9730948564776
O 78.4306571394195 28.9422021584537 99.9730948564776
O 76.7307087069891 29.3447509328054 99.9730948564776
O 36.2414016415612 28.6287618034385 99.9730948564776
O 57.1876697613993 28.8810094260503 99.9730948564776
O 55.6941658818502 29.7682545148120 99.9730948564776
O 22.4767374015668 29.3906318547297 99.9730948564776
O 25.5347447089699 29.2190522832113 99.9730948564776
O 24.0834964188254 30.1569482747685 99.9730948564776
O 40.7645545088778 29.0140823357506 99.9730948564776
O 64.8602191234914 29.4951070249591 99.9730948564776
O 71.5305929665687 29.3579221878523 99.9730948564776
O 69.7931657070301 29.4735004437774 99.9730948564776
O 19.8238411938931 29.5389691252576 99.9730948564776
O 32.7721301887920 29.4545730688595 99.9730948564776
O 51.0258032368359 29.1408119758494 99.9730948564776
O 68.1629304293297 30.0675357457638 99.9730948564776
O 66.4379076791213 30.1661301932943 99.9730948564776
O 16.8004598552270 29.7723280159112 99.9730948564776
O 18.3855451247032 30.5512045081513 99.9730948564776
O 37.4599466840368 29.9150278917085 99.9730948564776
O 39.2323261889346 29.9170457652291 99.9730948564776
O 53.9805429287054 30.0829173907462 99.9730948564776
O 52.2601742493002 30.3557737042121 99.9730948564776
O 81.4366650178813 30.0532627180520 99.9730948564776
O 61.1638789956751 29.8866928476952 99.9730948564776
O 28.6742926782027 29.9354786645444 99.9730948564776
O 35.7468923308791 30.3034677597731 99.9730948564776
O 34.0210257413950 30.6422572896937 99.9730948564776
O 43.6055268640836 30.0498666481545 99.9730948564776
O 46.5119580409179 30.1052238478516 99.9730948564776
O 25.7009694792442 30.9054347003393 99.9730948564776
O 27.4592892179276 31.1869408442326 99.9730948564776
O 40.7609226698860 30.7513820959149 99.9730948564776
O 42.3995504181363 31.3325692572228 99.9730948564776
O 57.1897909055546 30.6416997177458 99.9730948564776
O 74.2474591444342 30.5816050046450 99.9730948564776
O 77.9135190111655 30.6066207447605 99.9730948564776
O 12.0045183295256 31.0414565785402 99.9730948564776
O 32.3489063351472 31.1763159708818 99.9730948564776
O 50.5942989903487 30.8514169807949 99.9730948564776
O 70.7282997834444 30.9417015859064 99.9730948564776
O 20.0234640541821 31.2291063636671 99.9730948564776
O 22.6361340894489 31.0988209216438 99.9730948564776
O 21.4198771434045 32.3188730363550 99.9730948564776
O 29.1879629970904 31.5892796430737 99.9730948564776
O 30.8719355251717 32.1544343213071 99.9730948564776
O 60.1393213406414 31.2680990678267 99.9730948564776
O 58.5084113430080 31.7780206737540 99.9730948564776
O 65.0627690980088 31.2304080470578 99.9730948564776
O 38.3539676618202 31.4260412880554 99.9730948564776
O 44.0983838972161 31.7262158113360 99.9730948564776
O 45.8356101999607 31.6857704984677 99.9730948564776
O 47.5627952038706 31.4767386844654 99.9730948564776
O 49.2300448519760 31.9565096615127 99.9730948564776
O 61.8379834625367 31.5107645654139 99.9730948564776
O 63.4933882823266 31.9671242174924 99.9730948564776
O 16.9124095686209 31.5125734559615 99.9730948564776
O 67.3420720676459 31.6261187892500 99.9730948564776
O 75.0183558265994 32.1729619792366 99.9730948564776
O 76.6928374222437 31.8480332107106 99.9730948564776
O 81.5477890584280 31.8313156794567 99.9730948564776
O 53.3523577511809 31.7007691487431 99.9730948564776
O 73.3095062068542 32.0291390152958 99.9730948564776
O 71.6429578470310 32.4252762354618 99.9730948564776
O 78.3418561836892 32.2928936969317 99.9730948564776
O 80.0185598837289 32.6227683475704 99.9730948564776
O 11.1749326155608 32.4387465271088 99.9730948564776
O 35.1425426407108 31.9483407010730 99.9730948564776
O 12.9700698967827 32.4913990796640 99.9730948564776
O 19.7678756132299 32.9040133802374 99.9730948564776
O 18.0021034835156 32.8327781120189 99.9730948564776
O 23.1595044516452 32.7341520980190 99.9730948564776
O 41.0488363078964 32.4695452461793 99.9730948564776
O 39.3530862710309 32.8674755949815 99.9730948564776
O 69.9362636880073 32.5336315902490 99.9730948564776
O 68.2940363721205 33.0547851927561 99.9730948564776
O 26.3108095534118 32.4966372273235 99.9730948564776
O 24.8189999614557 33.4045702313913 99.9730948564776
O 50.8431359136519 32.5821559476417 99.9730948564776
O 52.4637346253155 33.1910947765101 99.9730948564776
O 56.9105340703829 32.3781402533796 99.9730948564776
O 37.6095767050197 33.0116457915077 99.9730948564776
O 35.9176973038746 33.4908562584411 99.9730948564776
O 54.1985228274184 33.2144352797473 99.9730948564776
O 55.8560056593974 33.7358586450658 99.9730948564776
O 59.7867981751997 32.9645891192788 99.9730948564776
O 64.8876895002396 32.9717814280232 99.9730948564776
O 66.5822136262845 33.2164057081952 99.9730948564776
O 16.2766735663100 33.1740522983850 99.9730948564776
O 14.5387833314356 33.3818113537934 99.9730948564776
O 45.0447748373665 33.2090631367097 99.9730948564776
O 47.9476134202549 33.1565068746027 99.9730948564776
O 46.5144464496521 34.1648118044872 99.9730948564776
O 62.2803111231977 33.2105459538274 99.9730948564776
O 60.9228311362935 34.2843780705008 99.9730948564776
O 76.1674483706823 33.5140466848148 99.9730948564776
O 29.5158215077875 33.2822487856844 99.9730948564776
O 78.8901745752751 33.9426425737982 99.9730948564776
O 77.3827548206622 34.7883670099178 99.9730948564776
O 81.4168956498337 33.6089299140487 99.9730948564776
O 11.2722945393519 34.0721295787400 99.9730948564776
O 13.0168868234869 34.1896295337551 99.9730948564776
O 72.8377765355298 33.6971572572372 99.9730948564776
O 57.5672583011822 34.0110462435380 99.9730948564776
O 59.2056996569691 34.5921316440198 99.9730948564776
O 18.8348283676482 34.3281223108014 99.9730948564776
O 26.4183469847366 34.1979080897141 99.9730948564776
O 28.1804882872445 34.4366954588932 99.9730948564776
O 40.5465860820847 34.1591526083649 99.9730948564776
O 51.1353728134058 34.3081284274177 99.9730948564776
O 69.5093969577029 34.2590034176960 99.9730948564776
O 23.4079589138717 34.4227752450016 99.9730948564776
O 48.1280949978257 34.8713530385130 99.9730948564776
O 49.8027541062404 35.4168392003675 99.9730948564776
O 20.2080750111940 35.3721156230119 99.9730948564776
O 22.0308717280135 35.4824603442112 99.9730948564776
O 29.8638679509709 34.9710362772457 99.9730948564776
O 31.4940352490508 35.6590081145302 99.9730948564776
O 37.1715116276164 34.6998302192739 99.9730948564776
O 44.9287632687760 34.9304015911311 99.9730948564776
O 54.5911360165840 34.9028175074482 99.9730948564776
O 62.5406534007572 34.9470498848359 99.9730948564776
O 65.5003637483147 34.6048091972628 99.9730948564776
O 64.1261890388848 35.6851754846308 99.9730948564776
O 75.6894009201939 35.1935802417246 99.9730948564776
O 73.9652596273844 35.0273597879158 99.9730948564776
O 78.9149073101261 35.6769446451202 99.9730948564776
O 80.5538919786180 35.1202712059838 99.9730948564776
O 15.5879357279503 34.8123553645853 99.9730948564776
O 72.2612550038888 35.3293915104120 99.9730948564776
O 70.5531182164690 35.6212323021561 99.9730948564776
O 41.5649599808470 35.6020006386943 99.9730948564776
O 43.3220101006518 35.6531181521289 99.9730948564776
O 12.0976091371408 35.6139468291651 99.9730948564776
O 27.0689172582493 35.7915887396778 99.9730948564776
O 39.8220044625888 35.7559117014935 99.9730948564776
O 38.1142647581298 36.1703833266183 99.9730948564776
O 51.4519911483842 36.0269373398683 99.9730948564776
O 53.1864194994227 35.8972607264107 99.9730948564776
O 57.8991675057218 35.7331141649537 99.9730948564776
O 68.8482932331317 35.9063695595388 99.9730948564776
O 18.4985534270930 35.9787064267559 99.9730948564776
O 16.7045570958404 36.1819569872912 99.9730948564776
O 23.7308079802604 36.0970370754143 99.9730948564776
O 25.4855062005278 36.5245198366227 99.9730948564776
O 14.9295059852920 36.4625688385540 99.9730948564776
O 13.1907702673676 36.9714262478243 99.9730948564776
O 33.1016006422762 36.3865044723025 99.9730948564776
O 36.3460083721026 36.2274844807420 99.9730948564776
O 34.7458160992212 37.0108538428637 99.9730948564776
O 54.7740911976509 36.6239830613091 99.9730948564776
O 56.5098490894814 36.7677966550141 99.9730948564776
O 65.7513500201925 36.3370331983771 99.9730948564776
O 67.4077633669382 36.8978616532969 99.9730948564776
O 48.4997185380008 36.5602336450843 99.9730948564776
O 21.0114235612154 36.8548460657387 99.9730948564776
O 30.0721675084089 36.6797440068710 99.9730948564776
O 44.7466465672882 36.6481249814263 99.9730948564776
O 62.6949469372820 36.6921540791268 99.9730948564776
O 74.6636417181445 36.6196333149907 99.9730948564776
O 11.3609391299190 37.1331397189316 99.9730948564776
O 71.6452317642206 36.9493323022309 99.9730948564776
O 24.2613482921210 37.7280403660285 99.9730948564776
O 22.5195027079737 37.6919373426740 99.9730948564776
O 26.9676309192157 37.5211082835001 99.9730948564776
O 28.7089415383687 37.7804002398213 99.9730948564776
O 42.4239163904333 37.1393130783574 99.9730948564776
O 43.8609400049143 38.1275314369953 99.9730948564776
O 80.2618315447386 36.8291527231868 99.9730948564776
O 52.4845412839781 37.4619489989854 99.9730948564776
O 58.0954695650950 37.4774532847209 99.9730948564776
O 61.3386194109329 37.8037335083000 99.9730948564776
O 59.6383100872390 38.2763885722523 99.9730948564776
O 17.8363150592914 37.5422411286961 99.9730948564776
O 39.3361868999937 37.4339910972042 99.9730948564776
O 47.3379818147596 37.8492820992258 99.9730948564776
O 45.6156055815726 38.1545047108755 99.9730948564776
O 66.1014927449110 38.0544678373985 99.9730948564776
O 68.9777502463390 37.6574285885376 99.9730948564776
O 70.5869124161307 38.3248452226093 99.9730948564776
O 75.7752696591446 37.9407679334920 99.9730948564776
O 79.2512879553951 38.2434379282105 99.9730948564776
O 77.5140520268115 38.1982629734521 99.9730948564776
O 36.2276730065936 37.9366167518241 99.9730948564776
O 37.9204119121572 38.3960545751698 99.9730948564776
O 55.5232382951971 38.1890582150239 99.9730948564776
O 53.8443304368228 38.5887033539606 99.9730948564776
O 74.0568688024435 38.2736467289512 99.9730948564776
O 72.3264252698009 38.5240527922315 99.9730948564776
O 14.4881380472851 38.1665611697790 99.9730948564776
O 20.9923926158388 38.5432532171056 99.9730948564776
O 19.2337672740859 38.6375071439540 99.9730948564776
O 30.3600187509524 38.3766269346815 99.9730948564776
O 33.3882967659790 38.1355810382831 99.9730948564776
O 31.9434432128497 39.1335426353463 99.9730948564776
O 49.0480320466335 38.2009118328861 99.9730948564776
O 62.9678365086246 38.4199734220455 99.9730948564776
O 64.6214639262935 38.9663068395490 99.9730948564776
O 10.8219559484517 38.7790743888994 99.9730948564776
O 17.5982855567453 39.2364688957918 99.9730948564776
O 15.8523939315724 39.2840544618770 99.9730948564776
O 42.3013213879978 38.8929150225933 99.9730948564776
O 52.2219430703740 39.1671610219422 99.9730948564776
O 50.4942148847287 39.1852623692563 99.9730948564776
O 23.3683195095130 39.1889050856365 99.9730948564776
O 27.6405365417347 39.1519708441455 99.9730948564776
O 36.6965374717862 39.5950673519411 99.9730948564776
O 58.1629492022234 39.2275095635093 99.9730948564776
O 69.2208019083452 39.3994594394067 99.9730948564776
O 76.4322495797943 39.5325721721195 99.9730948564776
O 39.4687732548789 39.2093031957687 99.9730948564776
O 40.9985007936882 40.0564837532459 99.9730948564776
O 46.7568212429961 39.4746496729888 99.9730948564776
O 60.8831901593529 39.4738640102924 99.9730948564776
O 66.1383661289068 39.8136890540323 99.9730948564776
O 67.7781731607373 40.3646536706943 99.9730948564776
O 78.3474491410271 39.7316519718722 99.9730948564776
O 77.2300899914024 41.0628599774077 99.9730948564776
O 14.2475621175913 39.9235254901061 99.9730948564776
O 20.2698216723680 40.0635950338634 99.9730948564776
O 22.0383760979649 40.2771555310484 99.9730948564776
O 30.4649207588161 40.0911641219170 99.9730948564776
O 28.7569118945799 40.5009634471593 99.9730948564776
O 33.5116200940745 39.9110381820337 99.9730948564776
O 35.1775055922045 40.4037104827948 99.9730948564776
O 48.9382921670351 39.9220711780188 99.9730948564776
O 47.6030135273772 41.0040034278863 99.9730948564776
O 55.0653637198033 39.8606166462523 99.9730948564776
O 56.7559727281266 40.2826190811940 99.9730948564776
O 63.3364296482926 40.1329035172762 99.9730948564776
O 61.8063730503663 40.9377030289326 99.9730948564776
O 73.3595264409619 39.8949851270109 99.9730948564776
O 11.1301038529569 40.4831102926763 99.9730948564776
O 12.8256092092070 40.9288603740555 99.9730948564776
O 23.7185370458122 40.8601308395687 99.9730948564776
O 58.3523736454771 40.9650967639398 99.9730948564776
O 60.0786975861361 41.0104471742532 99.9730948564776
O 16.8096766758131 40.7586830508293 99.9730948564776
O 27.0230145874610 40.7932746645677 99.9730948564776
O 25.3864644558776 41.4655323940006 99.9730948564776
O 42.6713716913211 40.6003932753951 99.9730948564776
O 45.8759463146649 40.9576761581267 99.9730948564776
O 44.2242100362722 41.4483657170904 99.9730948564776
O 51.3986880784236 40.6811563731524 99.9730948564776
O 75.4937006584911 40.9711712805271 99.9730948564776
O 73.8611938952443 41.5505178302591 99.9730948564776
O 39.5101432287147 40.9830056728878 99.9730948564776
O 36.6700639534875 41.3115452987868 99.9730948564776
O 38.1916553137417 42.1571855193606 99.9730948564776
O 49.2366522131310 41.6246969944126 99.9730948564776
O 50.8413190268712 42.3122415647542 99.9730948564776
O 69.3133432499988 41.1594864317409 99.9730948564776
O 72.1702662977743 41.1946121313871 99.9730948564776
O 70.7169247808328 42.1757271702517 99.9730948564776
O 78.9265805170625 41.3826219178615 99.9730948564776
O 80.6463365149625 41.4323426151433 99.9730948564776
O 14.4014872169091 41.6828653942989 99.9730948564776
O 16.0354855739847 42.2888287730318 99.9730948564776
O 20.9770199695198 41.6167658298076 99.9730948564776
O 29.9895883696825 41.7529033378673 99.9730948564776
O 55.5410386413398 41.5464526312291 99.9730948564776
O 66.5029630317879 41.5406508931655 99.9730948564776
O 17.7757016083262 42.2280139444961 99.9730948564776
O 19.5007273184261 42.5141173367274 99.9730948564776
O 33.9927960630383 41.6407060828509 99.9730948564776
O 52.5620481677322 41.9818628488947 99.9730948564776
O 54.1921163908862 42.6557446336481 99.9730948564776
O 63.2470249917023 41.8891381168852 99.9730948564776
O 82.3177908546937 41.7909405332930 99.9730948564776
O 11.6152380166791 42.1729365166628 99.9730948564776
O 42.7607835181518 42.3386062236470 99.9730948564776
O 69.1191898527292 42.9053919471168 99.9730948564776
O 67.3890173531948 43.0528665601844 99.9730948564776
O 24.0012830450654 42.5407948671831 99.9730948564776
O 31.3330903157035 42.8811115638168 99.9730948564776
O 33.0985441740571 43.1175482324155 99.9730948564776
O 59.2018368241338 42.5037159574828 99.9730948564776
O 65.6481632126687 43.0650236084147 99.9730948564776
O 63.9507956221262 43.4809390563317 99.9730948564776
O 72.2860279664216 42.9286492567677 99.9730948564776
O 75.1889513569269 42.6637099597823 99.9730948564776
O 73.8321474371406 43.7333444047784 99.9730948564776
O 26.7885192603049 42.5179072577741 99.9730948564776
O 36.6355379040253 43.0230079602984 99.9730948564776
O 34.8775676747834 43.1880050322347 99.9730948564776
O 39.8519984261216 42.7116542529062 99.9730948564776
O 41.4515109370640 43.4450590564686 99.9730948564776
O 45.5232174109473 42.6470516442528 99.9730948564776
O 21.0621749137234 43.3111651042117 99.9730948564776
O 22.7546560119161 43.7749970812065 99.9730948564776
O 62.1995332239991 43.2828309856357 99.9730948564776
O 60.4747281193046 43.6995350638804 99.9730948564776
O 79.7100167439793 42.9434664784355 99.9730948564776
O 14.7468949007790 43.4218833829125 99.9730948564776
O 29.6676445527157 43.4537395907836 99.9730948564776
O 27.9526377977648 43.8379716442504 99.9730948564776
O 49.4380867586781 43.3389628350346 99.9730948564776
O 55.8428197325944 43.2748147091050 99.9730948564776
O 18.4254784773867 43.8542576043694 99.9730948564776
O 43.1074535270956 44.0463490076377 99.9730948564776
O 44.8497771447482 44.2261064472633 99.9730948564776
O 82.3994230493793 43.5745846513868 99.9730948564776
O 80.8513332602919 44.2426004136443 99.9730948564776
O 11.7247464379421 43.9386925964982 99.9730948564776
O 13.4102687008060 44.4927765675932 99.9730948564776
O 24.4626389469157 44.1811941026885 99.9730948564776
O 26.2214690660669 44.1553288853285 99.9730948564776
O 46.5920636632911 44.0547982365360 99.9730948564776
O 48.2703126243802 44.6226530099189 99.9730948564776
O 52.7780148608642 43.6891963664900 99.9730948564776
O 58.7717310413089 44.1869366526553 99.9730948564776
O 57.0509997736789 44.5856627038166 99.9730948564776
O 75.4594273410004 44.3633122701583 99.9730948564776
O 21.4570488954245 44.9590213195162 99.9730948564776
O 19.6922529510008 45.0587428144951 99.9730948564776
O 32.0073318216279 44.4698066662068 99.9730948564776
O 35.9659871586958 44.6161282256123 99.9730948564776
O 40.0688959645221 44.4594252162664 99.9730948564776
O 50.0170643196759 44.9604550321800 99.9730948564776
O 51.7835839605770 45.1303796846646 99.9730948564776
O 55.3104392781148 44.9126118787854 99.9730948564776
O 53.5600850771203 45.2129727659535 99.9730948564776
O 65.1758706533908 44.7399633872786 99.9730948564776
O 68.3660023554134 44.5077654315482 99.9730948564776
O 72.3781130485886 44.6657755755342 99.9730948564776
O 79.2292909430281 44.6730952683518 99.9730948564776
O 61.7061206950512 44.9355766526923 99.9730948564776
O 15.0461292790709 45.1668342468733 99.9730948564776
O 29.1670118950725 45.1146247311974 99.9730948564776
O 30.8024518805708 45.7249935373086 99.9730948564776
O 76.3734571552265 45.8423343546334 99.9730948564776
O 78.1059716630640 45.9601318586503 99.9730948564776
O 17.9973580561111 45.5256607979223 99.9730948564776
O 16.4242851929857 46.3042656705513 99.9730948564776
O 69.5265047345511 45.8085432293477 99.9730948564776
O 71.2545274074015 45.9816259052895 99.9730948564776
O 12.1243573051924 45.6240979448648 99.9730948564776
O 37.3158304247769 45.7831751410123 99.9730948564776
O 39.0953035964656 45.8818860493345 99.9730948564776
O 66.1341919224784 46.2225854287887 99.9730948564776
O 67.8471256749853 46.2097449084654 99.9730948564776
O 74.6382838984185 45.8730104805320 99.9730948564776
O 72.9610150933931 46.3041946021849 99.9730948564776
O 82.1891202577916 45.3290542140439 99.9730948564776
O 25.3285840292115 45.6538718658432 99.9730948564776
O 43.8547670982476 45.6312442492181 99.9730948564776
O 46.9492551346500 45.7582944939246 99.9730948564776
O 58.3018114583188 45.8587328103851 99.9730948564776
O 64.4212776774561 46.3019843935241 99.9730948564776
O 62.7065369438115 46.3730355127970 99.9730948564776
O 32.5068762436682 46.1254444556986 99.9730948564776
O 40.8714817034557 46.0200140468820 99.9730948564776
O 42.5318108716595 46.7194416670989 99.9730948564776
O 11.2386204282992 47.0888299316493 99.9730948564776
O 14.7533739985250 46.8822732126553 99.9730948564776
O 13.0085284700571 47.1193284129378 99.9730948564776
O 35.6545997199275 46.3351218142693 99.9730948564776
O 34.0275779002377 46.9961952291932 99.9730948564776
O 50.7297137584446 46.5316153648936 99.9730948564776
O 54.6833659001727 46.5224459629783 99.9730948564776
O 60.9954233051665 46.5091152705068 99.9730948564776
O 59.4498128281143 47.2345560861074 99.9730948564776
O 79.7885081864933 46.3771411459370 99.9730948564776
O 81.4362213864150 46.9205176561012 99.9730948564776
O 20.6891310219684 46.4840209114402 99.9730948564776
O 17.9632123642004 47.2402440098356 99.9730948564776
O 19.6545863102962 47.8397506926789 99.9730948564776
O 29.4685542223619 46.8440406303046 99.9730948564776
O 44.2227750963716 47.3399280756653 99.9730948564776
O 45.9808071711467 47.2152383057066 99.9730948564776
O 47.7395719403075 47.3013607616705 99.9730948564776
O 49.4525119478526 47.7297709640250 99.9730948564776
O 57.7417301846280 47.4991437012277 99.9730948564776
O 56.0133977852307 47.6278105971672 99.9730948564776
O 77.1627569878119 47.3910719582363 99.9730948564776
O 24.7737470510379 47.3042218873027 99.9730948564776
O 26.4846672163699 46.9118618230573 99.9730948564776
O 28.0004679217162 47.7708290882869 99.9730948564776
O 38.1570679325566 47.3259015005442 99.9730948564776
O 70.2549334369245 47.3927115480449 99.9730948564776
O 21.4448840991687 48.0425882839176 99.9730948564776
O 23.2388308897179 48.1577670034189 99.9730948564776
O 41.1397682856305 47.7266250166380 99.9730948564776
O 39.5493067131722 48.3908407218365 99.9730948564776
O 63.6413024903764 47.8528773088806 99.9730948564776
O 66.9775502067492 47.7669742634528 99.9730948564776
O 74.1967644935237 47.5348905620702 99.9730948564776
O 32.4946271932261 47.8468517343582 99.9730948564776
O 51.1490394839667 48.2112057889946 99.9730948564776
O 54.3857146743753 48.2273263146104 99.9730948564776
O 52.7843990817843 48.8859051792127 99.9730948564776
O 60.9476025436635 48.2373954152061 99.9730948564776
O 62.4979731686982 49.1409241901319 99.9730948564776
O 9.98888318851933 48.2883326238975 99.9730948564776
O 35.4060532830469 48.0650997313779 99.9730948564776
O 71.3486044507195 48.7437732493169 99.9730948564776
O 73.1253133778013 48.8733533766069 99.9730948564776
O 76.6530663120390 49.0232227554306 99.9730948564776
O 74.8863425994727 49.1276557235201 99.9730948564776
O 80.0674463981039 48.1307769300213 99.9730948564776
O 78.3813624644889 48.6319215910783 99.9730948564776
O 14.0683423203043 48.4998518160974 99.9730948564776
O 29.5257875642044 48.6034855497022 99.9730948564776
O 31.1980005774572 49.0320269152324 99.9730948564776
O 69.5937988435367 48.9907354710494 99.9730948564776
O 67.8495203374012 49.2901776333808 99.9730948564776
O 24.7835584716630 49.0297001930066 99.9730948564776
O 26.4787369818425 48.6176094444618 99.9730948564776
O 45.2570633815558 48.7954607156892 99.9730948564776
O 64.2876658693071 49.4722303549144 99.9730948564776
O 66.0686660975286 49.2944619591464 99.9730948564776
O 18.3271461606224 48.9361126674674 99.9730948564776
O 37.9602334512880 49.0562311907371 99.9730948564776
O 36.3168156821922 49.5683247508759 99.9730948564776
O 48.2094265896431 48.9613938104691 99.9730948564776
O 46.6915245926996 49.8234000193993 99.9730948564776
O 56.9775402847238 49.0621712040944 99.9730948564776
O 11.0768157167395 49.6357262807666 99.9730948564776
O 12.8334885434587 49.7286204412690 99.9730948564776
O 32.8537839270977 49.5271421109424 99.9730948564776
O 34.5861887083756 49.5964861585733 99.9730948564776
O 22.2612784460523 49.5735342124094 99.9730948564776
O 40.9500767682529 49.4461486288917 99.9730948564776
O 54.1954211371729 49.9441452483718 99.9730948564776
O 55.8851196157866 50.4125728558834 99.9730948564776
O 60.9422161322692 49.9671021398463 99.9730948564776
O 19.3051194584731 50.3756023896379 99.9730948564776
O 20.9906348840495 50.7402584062344 99.9730948564776
O 51.4085134980660 49.9201526279093 99.9730948564776
O 79.5590128045919 49.9000596143853 99.9730948564776
O 48.2369471615338 50.6918916211347 99.9730948564776
O 49.9841854046056 50.8887891320258 99.9730948564776
O 57.6249952013596 50.6637973445633 99.9730948564776
O 59.3763171216271 50.7847391802204 99.9730948564776
O 72.1450054750935 50.2764638306102 99.9730948564776
O 14.5164716019064 50.1989107336100 99.9730948564776
O 17.5866229690811 50.5005543530598 99.9730948564776
O 15.9969276598998 51.1552423581004 99.9730948564776
O 26.0489441061498 50.2650638165021 99.9730948564776
O 29.9956298414724 50.3052383262804 99.9730948564776
O 69.0261614651212 50.6191888619508 99.9730948564776
O 70.6879099101358 51.1900927983494 99.9730948564776
O 75.8895549060091 50.5590119813119 99.9730948564776
O 80.2534251084883 51.4742176730841 99.9730948564776
O 42.0909065861647 50.7809843900926 99.9730948564776
O 45.1018340239916 50.5533450503651 99.9730948564776
O 43.6495630483469 51.5496984921668 99.9730948564776
O 65.3381815428041 50.9011876798506 99.9730948564776
O 33.6360334951513 51.0555473735985 99.9730948564776
O 37.6128734416261 50.7615676705518 99.9730948564776
O 11.8295025215631 51.1503860855893 99.9730948564776
O 22.6312102366897 51.2752312620438 99.9730948564776
O 27.1633768093823 51.6353379132338 99.9730948564776
O 28.9209716432900 51.6930537818342 99.9730948564776
O 40.3911723381328 51.0774231853067 99.9730948564776
O 38.9094868060366 51.9530442526442 99.9730948564776
O 51.5745394694609 51.6409533648608 99.9730948564776
O 54.6386037288578 51.6270612808107 99.9730948564776
O 53.1243097307060 52.4725718363322 99.9730948564776
O 60.8482314373965 51.6998877905555 99.9730948564776
O 64.1341021536191 52.1490577375527 99.9730948564776
O 62.4029871097147 52.4655411156333 99.9730948564776
O 78.5432824851338 51.3490074290967 99.9730948564776
O 76.9293731556287 51.9677797086004 99.9730948564776
O 14.4731713211615 51.9440942619754 99.9730948564776
O 12.8528509216308 52.5003475658158 99.9730948564776
O 30.6573108250917 51.9331652217362 99.9730948564776
O 32.3827161872468 52.2639641206542 99.9730948564776
O 72.2537796875275 51.9941683669830 99.9730948564776
O 75.1981338075067 52.1316686957646 99.9730948564776
O 73.6973680685640 52.9991730511127 99.9730948564776
O 17.4002841388346 52.2225005469321 99.9730948564776
O 19.8450031901225 52.0315012982886 99.9730948564776
O 18.7467562053589 53.3572764829187 99.9730948564776
O 25.4226007813217 51.8445428994850 99.9730948564776
O 23.8130831113907 52.5343268871366 99.9730948564776
O 58.3775525663857 52.2200253827630 99.9730948564776
O 42.1779492625732 52.5206264467603 99.9730948564776
O 40.4573138978395 52.8033103904399 99.9730948564776
O 45.2126986150261 52.3074544358944 99.9730948564776
O 48.9853286638760 52.2792970972226 99.9730948564776
O 81.7637141855959 52.2736664565165 99.9730948564776
O 34.0829091035340 52.7113612757495 99.9730948564776
O 37.2583772884792 52.4646982945970 99.9730948564776
O 35.7410653182944 53.2993443818309 99.9730948564776
O 65.8055892055525 52.6439288247263 99.9730948564776
O 69.4126342276690 52.3344066697957 99.9730948564776
O 22.1099758237810 52.9341789335983 99.9730948564776
O 20.5075364674815 53.6360184787975 99.9730948564776
O 27.9949681397052 53.1782295410762 99.9730948564776
O 51.6376509984552 53.3658638068092 99.9730948564776
O 49.9463234320855 53.7496388123984 99.9730948564776
O 60.9424221081476 53.4347866318146 99.9730948564776
O 59.2254103782616 53.7256375444615 99.9730948564776
O 72.1095137889822 53.7044184694265 99.9730948564776
O 70.3716536706181 53.8068082116973 99.9730948564776
O 78.2759734167947 53.0882877526076 99.9730948564776
O 46.4854350482730 53.5106537656055 99.9730948564776
O 48.2049839597897 53.8076540114580 99.9730948564776
O 54.6322925769349 53.3720524433397 99.9730948564776
O 66.9061462814199 54.0709690459046 99.9730948564776
O 68.6315086271756 53.8712098329475 99.9730948564776
O 25.2294300078241 53.5338862608509 99.9730948564776
O 26.7431051400548 54.3862507558241 99.9730948564776
O 31.2574357001524 53.5839181050957 99.9730948564776
O 57.4826467638714 53.7246075425125 99.9730948564776
O 55.9374195272722 54.5525207099482 99.9730948564776
O 63.5304220423160 53.7673756260998 99.9730948564776
O 65.1818150958880 54.2741610719017 99.9730948564776
O 75.2403398791272 53.8486484922676 99.9730948564776
O 76.9641778109957 54.2011535182244 99.9730948564776
O 14.1994065757595 53.6653908199102 99.9730948564776
O 34.4049378678068 54.3950211815935 99.9730948564776
O 32.6738841704796 54.5903039463739 99.9730948564776
O 44.8298884816532 54.0145738293915 99.9730948564776
O 17.0854780125488 53.9205313070775 99.9730948564776
O 15.5665695553332 54.7973356607439 99.9730948564776
O 37.2437777913885 54.2031939869012 99.9730948564776
O 81.4292656836430 54.0226749472924 99.9730948564776
O 41.5526032292015 54.1656663037961 99.9730948564776
O 21.9548830152493 54.6569002438045 99.9730948564776
O 54.2459103554754 55.0618871638464 99.9730948564776
O 78.5977417341548 54.8369366769955 99.9730948564776
O 80.2697967544127 55.3372230474780 99.9730948564776
O 38.6845773417780 55.2059181644040 99.9730948564776
O 40.4074710087210 55.4789014560339 99.9730948564776
O 47.1162594054217 55.1369954146854 99.9730948564776
O 45.4717083263001 55.6317370909348 99.9730948564776
O 51.1597733374259 55.0253519888652 99.9730948564776
O 52.6800319541215 55.8944716018205 99.9730948564776
O 25.2116676981441 55.2322825284754 99.9730948564776
O 23.4848122080125 55.5453043088874 99.9730948564776
O 28.4029514877777 54.8954722202464 99.9730948564776
O 57.4633629861237 55.4551298761158 99.9730948564776
O 63.8716436852296 55.4544128677376 99.9730948564776
O 68.0318838206423 55.4820396889277 99.9730948564776
O 71.3703356331905 55.2540705407520 99.9730948564776
O 13.8933462336070 55.3773160488742 99.9730948564776
O 31.1079775922460 55.3349607919775 99.9730948564776
O 29.5970319182519 56.1863571454699 99.9730948564776
O 43.7715989154259 55.4058569799567 99.9730948564776
O 42.1107190303322 55.8399133144917 99.9730948564776
O 75.8119165338117 55.4782840067011 99.9730948564776
O 12.3481566151907 56.3357232086105 99.9730948564776
O 17.1504218701287 55.6376064771095 99.9730948564776
O 33.7326674143506 55.9679526972484 99.9730948564776
O 81.9857396472682 55.6857219799039 99.9730948564776
O 37.1171915152817 55.9350435499680 99.9730948564776
O 35.4410574671496 56.3557310300941 99.9730948564776
O 72.6140576850128 56.4945681585958 99.9730948564776
O 74.3669450715303 56.4176887497705 99.9730948564776
O 69.1785419583605 56.8762200020606 99.9730948564776
O 70.9195034562424 56.9148801070721 99.9730948564776
O 54.1870150931279 56.7849533921437 99.9730948564776
O 79.0176461931896 56.5656966451966 99.9730948564776
O 21.9695288405247 56.3921878542776 99.9730948564776
O 51.1333201051414 56.7583466765627 99.9730948564776
O 57.5606639098059 57.1866734236012 99.9730948564776
O 55.8315027816641 57.3884795795793 99.9730948564776
O 64.1401297067547 57.1547745371638 99.9730948564776
O 67.4668722814842 57.1074219438887 99.9730948564776
O 65.8176849751879 57.6382807493031 99.9730948564776
O 75.9410847015021 57.1969631554343 99.9730948564776
O 77.6381043195917 57.6335609288289 99.9730948564776
O 18.6003975764228 56.7028848365246 99.9730948564776
O 20.3534384071642 57.0199734523207 99.9730948564776
O 24.6733272598616 56.8419822364394 99.9730948564776
O 27.8864167998539 56.5594018494696 99.9730948564776
O 26.3446371398552 57.4080121805865 99.9730948564776
O 39.3086409903130 56.8320880047806 99.9730948564776
O 43.3631665165555 57.1029030462556 99.9730948564776
O 46.7236897757747 56.8321054626183 99.9730948564776
O 10.7433996011840 57.2222137553652 99.9730948564776
O 13.8876948855571 57.1198091216816 99.9730948564776
O 16.9859271466428 57.3388054648608 99.9730948564776
O 15.3780039956632 58.0084429200308 99.9730948564776
O 31.1207188448229 57.0870859325867 99.9730948564776
O 34.2506555132671 57.5990519854827 99.9730948564776
O 32.5857136903347 58.0880173473841 99.9730948564776
O 36.6565563647618 57.6105244933633 99.9730948564776
O 49.8684282443971 58.0147532733462 99.9730948564776
O 48.1503371989265 57.8132381742846 99.9730948564776
O 81.7519519010350 57.3694579790747 99.9730948564776
O 40.6541994728025 57.9165724013961 99.9730948564776
O 42.3120151140676 58.4579733396290 99.9730948564776
O 54.4977746654536 58.4892494090257 99.9730948564776
O 70.0902625810156 58.4231709396004 99.9730948564776
O 73.5936097631838 57.9442410195426 99.9730948564776
O 21.7463707363622 58.1146457721957 99.9730948564776
O 27.8585051464170 58.2906998405579 99.9730948564776
O 51.5404705697796 58.4295478668344 99.9730948564776
O 52.9964580492364 59.3521628538142 99.9730948564776
O 79.2306207109757 58.3399452187280 99.9730948564776
O 80.8877367088515 58.8476317298870 99.9730948564776
O 39.0398239505197 58.5651667318576 99.9730948564776
O 37.4176351295644 59.1852248438646 99.9730948564776
O 56.8599771182070 58.7915983553113 99.9730948564776
O 64.5648471710396 58.8266196852239 99.9730948564776
O 62.9672044493693 59.4867268668997 99.9730948564776
O 76.3989079542011 58.8616687786246 99.9730948564776
O 74.7132976082394 59.2907957996196 99.9730948564776
O 24.9905868300270 58.5192186814469 99.9730948564776
O 23.2927417599202 58.9635538467270 99.9730948564776
O 33.9144037896165 59.2643030850409 99.9730948564776
O 35.6642234306376 59.0241377158169 99.9730948564776
O 44.0189185703626 58.7733043082704 99.9730948564776
O 46.5894703493005 58.5663070619091 99.9730948564776
O 45.4257836619457 59.8469155512623 99.9730948564776
O 67.1183343193003 58.7983299739937 99.9730948564776
O 82.6223455743845 58.8540635591301 99.9730948564776
O 11.1242038009342 58.9475012439006 99.9730948564776
O 13.8686661324605 58.8689012896943 99.9730948564776
O 12.5263081375141 59.9775413702999 99.9730948564776
O 16.7750425207767 59.0399333484743 99.9730948564776
O 19.2626328007512 58.3321507240247 99.9730948564776
O 18.3517727265486 59.7825093264759 99.9730948564776
O 71.2621883925187 59.7728320040964 99.9730948564776
O 72.9879823145973 59.5467412244817 99.9730948564776
O 31.0306427487391 58.8333066236848 99.9730948564776
O 29.3524051493654 59.2147119972509 99.9730948564776
O 48.7802556140240 59.4208552919448 99.9730948564776
O 47.1992959498990 60.1843169068268 99.9730948564776
O 61.2618802093227 59.8118377939406 99.9730948564776
O 57.9066062609457 60.1816020082228 99.9730948564776
O 59.6235410864458 60.4056069509391 99.9730948564776
O 69.5520301348597 60.0732327683098 99.9730948564776
O 67.8398273045047 60.3825214021311 99.9730948564776
O 21.8016835430822 59.8590602675084 99.9730948564776
O 20.0779468366357 59.8966605637700 99.9730948564776
O 27.8391592007517 60.0250308722757 99.9730948564776
O 41.0244923769434 59.6005940358029 99.9730948564776
O 54.4821267749934 60.2241060712101 99.9730948564776
O 56.1944782941192 60.4131492067040 99.9730948564776
O 51.4627040163138 60.1563466583585 99.9730948564776
O 64.3901502663130 60.5373276715606 99.9730948564776
O 66.1021031361802 60.1881743104172 99.9730948564776
O 79.7072497482069 60.0743751319981 99.9730948564776
O 24.5591184230966 60.1784700995757 99.9730948564776
O 26.2461340282779 60.6660823034439 99.9730948564776
O 38.7906162556256 60.2975149507610 99.9730948564776
O 40.3207460551290 61.1622540193898 99.9730948564776
O 43.7864749188976 60.5148974820984 99.9730948564776
O 42.0826280871931 60.9682168822806 99.9730948564776
O 75.9452894883807 60.5360847107266 99.9730948564776
O 10.9301005251444 60.6900535508629 99.9730948564776
O 14.1649096607381 60.5873217327779 99.9730948564776
O 16.9360442198958 60.7476428256625 99.9730948564776
O 15.5202299432167 61.7092603927157 99.9730948564776
O 30.5310619544821 60.5129844843464 99.9730948564776
O 35.0039816188003 60.6124885047133 99.9730948564776
O 48.6892128454195 61.1649647993062 99.9730948564776
O 50.4095397865811 61.5231344860396 99.9730948564776
O 78.8117307624096 61.5380310961304 99.9730948564776
O 77.0750230571002 61.8732104694905 99.9730948564776
O 83.2388556941835 60.4729572931068 99.9730948564776
O 27.6322229679870 61.7454053701248 99.9730948564776
O 29.3714228093076 61.7981927704876 99.9730948564776
O 58.5688473597913 61.7900448874122 99.9730948564776
O 60.9355965603680 61.5248051949943 99.9730948564776
O 59.8840109549333 62.9128768914671 99.9730948564776
O 68.9711821386737 61.7126667621835 99.9730948564776
O 72.3995157271481 61.1523424416122 99.9730948564776
O 80.5713738639326 61.6415900129247 99.9730948564776
O 82.3153356124133 61.9381829785503 99.9730948564776
O 12.2742591568535 61.7622299871596 99.9730948564776
O 13.9115313880248 62.3033092128396 99.9730948564776
O 20.9784795529487 61.4101053593930 99.9730948564776
O 52.1599329155315 61.7365724551502 99.9730948564776
O 55.1437902714091 61.8205890862676 99.9730948564776
O 53.6374649965463 62.7026425106196 99.9730948564776
O 65.5802375123435 61.8235249742602 99.9730948564776
O 75.3278332222888 62.1518472257789 99.9730948564776
O 73.5912432405091 62.4796429058254 99.9730948564776
O 25.0089118668268 61.8479159656813 99.9730948564776
O 36.0215622127775 62.0191774634411 99.9730948564776
O 34.2965039227350 62.1835438058295 99.9730948564776
O 38.8341582998638 62.0571121563787 99.9730948564776
O 37.4103887537804 63.0566930233247 99.9730948564776
O 43.2857014081638 62.2128914759397 99.9730948564776
O 70.0931001171636 63.0472616503847 99.9730948564776
O 71.8453161969791 62.7701871666475 99.9730948564776
O 31.0608937563290 62.1996807855466 99.9730948564776
O 32.6895893782607 62.8219658679900 99.9730948564776
O 17.1170107845401 62.4515416530045 99.9730948564776
O 21.9404510283895 62.8816034408109 99.9730948564776
O 23.6792994758430 62.9281439993296 99.9730948564776
O 68.3439074320341 63.3314282596750 99.9730948564776
O 66.5819471325369 63.2588043410461 99.9730948564776
O 20.2108258997458 62.9909670871302 99.9730948564776
O 18.5392086678271 63.4817410386679 99.9730948564776
O 49.2946759903456 62.8379283036524 99.9730948564776
O 61.6169824158502 63.1146720868050 99.9730948564776
O 64.8231485325069 63.3603953199972 99.9730948564776
O 63.1570639190722 63.9363612804393 99.9730948564776
O 52.0491478386933 63.4427517842351 99.9730948564776
O 50.4550070356300 64.1655927324043 99.9730948564776
O 55.1855708283717 63.5547636735818 99.9730948564776
O 78.2683736143373 63.1590881928151 99.9730948564776
O 25.3133638119371 63.5484517651477 99.9730948564776
O 28.4750878425586 63.2781679481652 99.9730948564776
O 26.9688393958995 64.1065211642925 99.9730948564776
O 42.1934822954425 63.5875059630185 99.9730948564776
O 58.2347150874719 63.5026252113469 99.9730948564776
O 56.7319085625333 64.4081159532066 99.9730948564776
O 74.7977136376293 63.7936537692416 99.9730948564776
O 81.1300852564987 63.3193214215504 99.9730948564776
O 79.6241966378130 64.2663512931335 99.9730948564776
O 12.6245961816114 63.4550198546428 99.9730948564776
O 35.8034633165659 63.7367920782260 99.9730948564776
O 34.0690009201914 63.8923308869037 99.9730948564776
O 38.9718176740902 63.8118158664419 99.9730948564776
O 40.6092986186426 64.3647245941604 99.9730948564776
O 43.9137356231142 63.8498496864170 99.9730948564776
O 16.9307712366461 64.1493653941596 99.9730948564776
O 31.3761972861290 63.9350826234467 99.9730948564776
O 48.7163369796770 64.4838598674783 99.9730948564776
O 71.2316248927232 64.3698703651266 99.9730948564776
O 77.9080933326876 64.8298291051615 99.9730948564776
O 76.1191074342881 64.9847449692722 99.9730948564776
O 45.3285059111181 64.8953346953628 99.9730948564776
O 47.0525526171021 65.1175635450489 99.9730948564776
O 67.3951608434288 64.7990449361242 99.9730948564776
O 19.7994278301291 64.6936887623985 99.9730948564776
O 22.8196632511645 64.4065048618643 99.9730948564776
O 58.2931316918096 65.2356006264312 99.9730948564776
O 61.6509593396392 64.8369729216125 99.9730948564776
O 60.0276794612836 65.5006670273000 99.9730948564776
O 64.5023394770706 65.0373529918086 99.9730948564776
O 66.0310805676141 65.8764046714332 99.9730948564776
O 28.4492404890836 65.0306173892972 99.9730948564776
O 30.1705511556592 65.1700287604101 99.9730948564776
O 42.0434000891419 65.3157223200058 99.9730948564776
O 43.7463818308546 65.5803246806561 99.9730948564776
O 51.9444469162406 65.1477754775383 99.9730948564776
O 74.4128798232772 65.4810760718912 99.9730948564776
O 72.6512823577307 65.3896309455567 99.9730948564776
O 12.3030253691429 65.1233039679506 99.9730948564776
O 13.9484232005849 64.5780472889655 99.9730948564776
O 15.5569299373540 65.2153967787001 99.9730948564776
O 35.0664290384808 65.3090102983719 99.9730948564776
O 55.2127826308787 65.2881350287240 99.9730948564776
O 53.5672713613034 65.8851032393422 99.9730948564776
O 25.6745516981828 65.2376876806075 99.9730948564776
O 24.0136752695479 65.7015982530786 99.9730948564776
O 81.1645484021307 65.1301522128599 99.9730948564776
O 39.3040493515690 65.5414237019240 99.9730948564776
O 71.0377416159053 66.0765961165027 99.9730948564776
O 17.1708809088095 65.8435968641404 99.9730948564776
O 18.8762159427252 66.1670533856677 99.9730948564776
O 20.6072147266805 66.2586441679302 99.9730948564776
O 22.3221651543752 66.0487925625230 99.9730948564776
O 31.8336125947385 65.6385238201723 99.9730948564776
O 48.3861228639514 66.1897308186555 99.9730948564776
O 67.6443390119951 66.5349423016811 99.9730948564776
O 69.3706329899367 66.6301613149682 99.9730948564776
O 36.3869288307873 66.4311670727794 99.9730948564776
O 38.0556858985724 66.7846173924643 99.9730948564776
O 45.9763657512661 66.5164840089583 99.9730948564776
O 47.3243260970639 67.5782647861865 99.9730948564776
O 77.1725959115126 66.3931512441277 99.9730948564776
O 81.9582688474645 66.6274356427888 99.9730948564776
O 34.7815459938474 67.0259094734512 99.9730948564776
O 33.0741645570309 66.8688457937118 99.9730948564776
O 61.4186659485657 66.5478765935510 99.9730948564776
O 11.9195032519769 66.7745386890452 99.9730948564776
O 42.6577369962260 66.9370078017281 99.9730948564776
O 52.1285703976004 66.8555255142818 99.9730948564776
O 54.9343579106086 67.0055379937388 99.9730948564776
O 58.9496972827321 66.8601369253764 99.9730948564776
O 64.5177594387564 66.7452984577136 99.9730948564776
O 62.9143077504989 67.4397259437170 99.9730948564776
O 80.2377483334896 66.6967244307821 99.9730948564776
O 78.6185514295894 67.3810951631348 99.9730948564776
O 14.1951939290495 66.2934684092198 99.9730948564776
O 13.3032584474089 67.7875131664677 99.9730948564776
O 29.2252892305177 66.6149151740751 99.9730948564776
O 39.6912296235445 67.2590390921824 99.9730948564776
O 41.2494427853776 67.9566765312577 99.9730948564776
O 73.4232791211511 66.9329877035951 99.9730948564776
O 25.2928268520627 66.9134029483224 99.9730948564776
O 49.0400107900100 67.7773628675877 99.9730948564776
O 50.7613338963410 67.9327582270011 99.9730948564776
O 31.4316398205209 67.3435161901124 99.9730948564776
O 29.9605229264789 68.2171194381832 99.9730948564776
O 70.6660229936562 67.7576740883072 99.9730948564776
O 72.3067309101710 68.2915311057636 99.9730948564776
O 17.7089245983865 67.4645607064746 99.9730948564776
O 56.1704612163266 68.2766525427840 99.9730948564776
O 57.9199407020106 68.2584845701056 99.9730948564776
O 61.3841948727856 68.2761145309698 99.9730948564776
O 59.6556062660736 68.4634455566967 99.9730948564776
O 21.7017425215627 67.6468344303581 99.9730948564776
O 28.2278886917478 68.0214303121674 99.9730948564776
O 26.4921057050999 68.2020935956878 99.9730948564776
O 77.0277759774884 68.1316681684260 99.9730948564776
O 15.0133150176743 67.8203513103527 99.9730948564776
O 16.4725510851948 68.7026714821613 99.9730948564776
O 33.8126362845512 68.4584650139987 99.9730948564776
O 36.8821470215518 68.1019072457105 99.9730948564776
O 35.4321987146000 69.0861510455334 99.9730948564776
O 45.7316685002539 68.2826035453430 99.9730948564776
O 68.4376011008516 68.1080742837898 99.9730948564776
O 74.0147965316805 68.5603248733912 99.9730948564776
O 75.6195843027159 69.2022312256956 99.9730948564776
O 82.9440260826622 68.0085563239311 99.9730948564776
O 24.7862446049555 68.5524556534921 99.9730948564776
O 23.0583552780005 68.7760322361976 99.9730948564776
O 42.8038076423709 68.6681597907118 99.9730948564776
O 44.3554320080396 69.3800061077054 99.9730948564776
O 52.3693004226874 68.5607228965102 99.9730948564776
O 54.4811884746699 68.6798916405518 99.9730948564776
O 53.3229524728293 69.9888981551058 99.9730948564776
O 64.3365515346835 68.4438238216098 99.9730948564776
O 79.9840418015926 68.4669644634129 99.9730948564776
O 81.5639737418331 69.1478783142996 99.9730948564776
O 11.7518165199654 68.5367403570604 99.9730948564776
O 67.4711201023318 69.5601517720966 99.9730948564776
O 65.6997618195487 69.5211363755765 99.9730948564776
O 39.8723339192038 69.0139982403197 99.9730948564776
O 49.7417778448500 69.3444133001000 99.9730948564776
O 70.9719379388510 69.4431013857340 99.9730948564776
O 69.2337845928366 69.6763273068319 99.9730948564776
O 18.1258444626824 69.1228996586532 99.9730948564776
O 31.5075527645827 69.0921069398904 99.9730948564776
O 36.9885437523899 69.8495366542210 99.9730948564776
O 38.6649616955544 70.2684501006638 99.9730948564776
O 60.7106165021142 69.8721007206744 99.9730948564776
O 21.4207428172802 69.3442908675657 99.9730948564776
O 19.7200136486559 69.7145433667512 99.9730948564776
O 34.0659892120535 70.1818844653533 99.9730948564776
O 32.3979152293033 70.6504913173366 99.9730948564776
O 45.9279667397308 70.0404482988761 99.9730948564776
O 57.0920746982382 69.7796915148224 99.9730948564776
O 83.1631090745918 69.7878351391792 99.9730948564776
O 14.9625634045442 69.5647928873592 99.9730948564776
O 27.5498164495779 69.6040061955617 99.9730948564776
O 51.5800972597679 70.1014658971728 99.9730948564776
O 50.0948025311400 71.0235951407528 99.9730948564776
O 77.2181098465387 69.8572784905779 99.9730948564776
O 11.9053056141999 70.2983023143577 99.9730948564776
O 13.6222099690009 70.6709571395298 99.9730948564776
O 30.6289933017859 70.5549726046165 99.9730948564776
O 28.8627763466259 70.7635289915855 99.9730948564776
O 42.9160913677431 70.3992678044332 99.9730948564776
O 48.4351521681911 70.4973194341877 99.9730948564776
O 46.9530872431578 71.4278428594950 99.9730948564776
O 55.0163758818294 70.3234605372242 99.9730948564776
O 56.3888246763704 71.3677413243354 99.9730948564776
O 74.2155091024900 70.2788005538104 99.9730948564776
O 80.1598165278543 70.2577524374149 99.9730948564776
O 78.5531304424734 70.9582407303176 99.9730948564776
O 24.1578925652522 70.1491409018781 99.9730948564776
O 40.3352394787755 70.7093722445503 99.9730948564776
O 41.7467350003530 71.7183657349817 99.9730948564776
O 18.3575088924431 70.8215654689508 99.9730948564776
O 45.2117737986686 71.6518559074741 99.9730948564776
O 43.4909917065364 72.0206653233346 99.9730948564776
O 70.3528069855925 71.0526422390562 99.9730948564776
O 76.8973257555920 71.5623637339886 99.9730948564776
O 75.1480833396155 71.7102689480823 99.9730948564776
O 15.2679028021495 71.2755484721807 99.9730948564776
O 16.9286191835123 71.8330286936703 99.9730948564776
O 20.8623901979901 70.9771561460920 99.9730948564776
O 27.1747744710066 71.2876481180764 99.9730948564776
O 25.4157807502531 71.3761326124098 99.9730948564776
O 58.1073952896909 71.2211112353417 99.9730948564776
O 66.5254879316020 71.0271968927461 99.9730948564776
O 83.4188326231030 71.5757768854901 99.9730948564776
O 60.9338131125225 71.6077193437541 99.9730948564776
O 59.3885256646648 72.4157063037936 99.9730948564776
O 65.2289026459408 72.1996418739520 99.9730948564776
O 73.4016198150302 71.8562194594015 99.9730948564776
O 71.6811133218532 72.2200097865486 99.9730948564776
O 37.4726265468989 71.5372033898817 99.9730948564776
O 12.4497292234059 71.9473881229377 99.9730948564776
O 23.7167830898836 71.8094402215946 99.9730948564776
O 22.0094298850568 72.2330530949474 99.9730948564776
O 33.7253173122651 71.8943069813762 99.9730948564776
O 51.6203881667778 71.8245010180212 99.9730948564776
O 54.7866177072798 72.0409615618938 99.9730948564776
O 79.8746089422636 72.0656617336680 99.9730948564776
O 40.1094617478330 72.4396982540445 99.9730948564776
O 38.4186482829993 72.9977319191053 99.9730948564776
O 48.5045560812876 72.2193991599949 99.9730948564776
O 18.5376153606560 72.5230087721399 99.9730948564776
O 20.2904657941369 72.6032724028066 99.9730948564776
O 29.9558439256425 72.1196028564219 99.9730948564776
O 36.6151102081200 73.0559083953519 99.9730948564776
O 34.8329811962639 73.3445366255511 99.9730948564776
O 66.8920681507805 72.7116406410156 99.9730948564776
O 70.0098177736835 72.7515163490220 99.9730948564776
O 68.4286457048204 73.5251539960052 99.9730948564776
O 44.6494971771577 73.3165988855877 99.9730948564776
O 50.8788179364997 73.3888458701126 99.9730948564776
O 49.1874713841113 73.8177960835293 99.9730948564776
O 52.6176544082570 73.2221801810364 99.9730948564776
O 54.2899446974918 73.7049033302408 99.9730948564776
O 76.1116168705585 73.1234901783117 99.9730948564776
O 15.6125998564960 72.9789312033215 99.9730948564776
O 26.3797492167464 72.8313178869389 99.9730948564776
O 33.0099923352337 73.4552886031075 99.9730948564776
O 31.1867123883215 73.3489736621384 99.9730948564776
O 63.9702636687362 73.4134982880849 99.9730948564776
O 72.8543484398763 73.5308431683316 99.9730948564776
O 82.5036212024860 73.3527313792573 99.9730948564776
O 80.8038673728128 73.5653438010217 99.9730948564776
O 12.3486332614481 73.6872984752232 99.9730948564776
O 14.1181427495323 73.8703906146831 99.9730948564776
O 60.8703863223493 73.3618547944984 99.9730948564776
O 62.4084188566239 74.2057741161997 99.9730948564776
O 79.0848678456745 73.6892634820855 99.9730948564776
O 77.4207116941678 74.2223245227992 99.9730948564776
O 23.1964252084668 73.4514343535156 99.9730948564776
O 29.4142408022527 73.7315129711971 99.9730948564776
O 27.6275107430138 74.0396317751479 99.9730948564776
O 47.4470389490585 73.5742972290651 99.9730948564776
O 45.9410561655255 74.4730233378816 99.9730948564776
O 69.8781933008533 74.4772464885856 99.9730948564776
O 19.3358575999778 74.0438071369749 99.9730948564776
O 39.7569510987381 74.1536983427446 99.9730948564776
O 75.7773890254773 74.8353405419740 99.9730948564776
O 74.0383766225863 74.8331848537084 99.9730948564776
O 25.8812902833810 74.4957773143493 99.9730948564776
O 24.1163117596550 74.8698006565067 99.9730948564776
O 44.2789545616500 75.0381343419210 99.9730948564776
O 66.9225077195165 74.4330232144398 99.9730948564776
O 36.0889895061511 74.6948769328397 99.9730948564776
O 72.3538903570456 75.2236584556353 99.9730948564776
O 70.7787353005855 75.9620101290282 99.9730948564776
O 22.3079773337565 74.9309634487657 99.9730948564776
O 20.5270415445988 75.2782987296047 99.9730948564776
O 40.8746060911041 75.5368981106378 99.9730948564776
O 42.6660286962019 75.7366366863346 99.9730948564776
O 50.4265095825755 75.0542941535579 99.9730948564776
O 53.0009122269281 74.8925038404351 99.9730948564776
O 63.9075394287082 75.1201634356945 99.9730948564776
O 65.5997132584511 75.5912745670037 99.9730948564776
O 15.6626965639578 74.7192241515193 99.9730948564776
O 31.9797962052221 74.8600744341955 99.9730948564776
O 47.4895558024802 75.2800119701425 99.9730948564776
O 49.0462436890093 76.0580666639948 99.9730948564776
O 60.9226573348023 75.1197519022291 99.9730948564776
O 13.0557333071787 75.2284672002057 99.9730948564776
O 18.7550454715290 75.6606927497886 99.9730948564776
O 16.9663905160525 75.9098469782035 99.9730948564776
O 54.2369419983113 76.0667318389843 99.9730948564776
O 56.0276914057977 75.8998051055390 99.9730948564776
O 69.0255603825938 75.9804502474196 99.9730948564776
O 67.2753431547606 76.1118779207452 99.9730948564776
O 81.6294800589484 75.1076506689616 99.9730948564776
O 28.7933812924994 75.3188282409833 99.9730948564776
O 78.6257612886924 75.4273497333227 99.9730948564776
O 44.0991792294321 76.7811528605002 99.9730948564776
O 57.7937163998349 76.1566085886728 99.9730948564776
O 59.5732917810652 76.2344837571076 99.9730948564776
O 31.0726382523978 76.3544273309975 99.9730948564776
O 29.3987691690554 76.9417661707438 99.9730948564776
O 50.7478454510209 76.7660542099607 99.9730948564776
O 52.5127587163234 76.5634468671659 99.9730948564776
O 25.2620870021292 76.1274949135952 99.9730948564776
O 32.8352679640130 76.3414985845960 99.9730948564776
O 35.6152995986107 76.3538183573365 99.9730948564776
O 34.1938761057315 77.4380921613213 99.9730948564776
O 74.9100065392886 76.3564551361172 99.9730948564776
O 21.6995649437232 76.5285919216321 99.9730948564776
O 47.4941246334988 76.9819706936590 99.9730948564776
O 45.7419033883434 77.4107610736414 99.9730948564776
O 61.2294101257031 76.8441166888214 99.9730948564776
O 64.3099133146210 76.7843725594516 99.9730948564776
O 62.7957453735098 77.6715519282889 99.9730948564776
O 72.1989741914527 76.9768171372039 99.9730948564776
O 81.0267322548735 76.8869102517493 99.9730948564776
O 79.3395127252411 77.0036820719847 99.9730948564776
O 27.7003460358343 76.6413715360999 99.9730948564776
O 26.2369700105756 77.5197219272764 99.9730948564776
O 41.6444976080460 77.1137639779110 99.9730948564776
O 77.6438952757452 76.9264963516421 99.9730948564776
O 76.0800822532749 77.6514371211004 99.9730948564776
O 18.0926212326262 77.2502768790814 99.9730948564776
O 24.4001015565987 77.6426522881528 99.9730948564776
O 22.5707163358320 78.0111427601385 99.9730948564776
O 30.7244268852134 78.0484443527507 99.9730948564776
O 32.4540056972579 77.9912289995224 99.9730948564776
O 55.2398692447451 77.4329708185770 99.9730948564776
O 68.2611815571868 77.5293813523744 99.9730948564776
O 20.8630907679523 78.0365384146262 99.9730948564776
O 19.2541067176734 78.5695486775965 99.9730948564776
O 35.8808434915183 78.0339829203674 99.9730948564776
O 44.4996638943101 78.5165339611352 99.9730948564776
O 42.8333216878019 78.4054311695041 99.9730948564776
O 58.6179324635329 77.6795817344622 99.9730948564776
O 74.3953091448367 78.0410764503063 99.9730948564776
O 72.8494946425062 78.6309588373491 99.9730948564776
O 71.2178205904063 78.4143737083522 99.9730948564776
O 69.4217401364865 78.7990954967332 99.9730948564776
O 51.8716550087349 78.1860674966290 99.9730948564776
O 64.3638857486224 78.4990393689524 99.9730948564776
O 17.5608550475274 78.8963060308661 99.9730948564776
O 15.9062147631563 79.3873254631723 99.9730948564776
O 41.1130244592688 78.7571442620902 99.9730948564776
O 56.3752706096004 78.7063699941361 99.9730948564776
O 57.9522570321998 79.2868079813160 99.9730948564776
O 80.1229219736550 78.5330206245592 99.9730948564776
O 54.7058842715493 79.0764567568132 99.9730948564776
O 53.0219276947477 79.4813347698597 99.9730948564776
O 61.3006324927464 78.5854102992532 99.9730948564776
O 59.6545581271018 79.0717373877795 99.9730948564776
O 67.6222417857405 79.1259507398162 99.9730948564776
O 65.8990305589153 79.3018909603411 99.9730948564776
O 77.4754907633044 78.6997254384044 99.9730948564776
O 78.8693888760746 79.7281838909230 99.9730948564776
O 15.6111360980137 10.5584692794119 99.9730948564776
O 14.5826805307277 11.9521286966466 99.9730948564776
O 64.0397575415348 70.1246487298258 99.9730948564776
O 62.3210463500423 70.5370961578532 99.9730948564776
O 63.5422387825615 71.7609900887631 99.9730948564776
O 60.3159440131513 55.0688098520844 99.9730948564776
O 59.0434219514908 56.2538308191499 99.9730948564776
O 62.5016515258730 56.5613109185047 99.9730948564776
O 61.8126406951301 58.1573190774025 99.9730948564776
O 60.7531936152723 56.7495118969979 99.9730948564776
O 66.7018066744560 18.0714224226523 99.9730948564776
O 65.0836180557227 18.7234464871613 99.9730948564776
O 66.4321313172637 19.8327547067124 99.9730948564776
O 34.1521326950350 33.3897299175318 99.9730948564776
O 32.9046431232597 34.6278459235326 99.9730948564776
O 12.2047307782857 27.3489370462134 99.9730948564776
O 13.8966157268862 27.9897900019373 99.9730948564776
O 12.5199190131881 29.1638379148478 99.9730948564776
O 80.9663762263356 38.4813744076336 99.9730948564776
O 81.8042198945481 40.0839670915439 99.9730948564776
O 57.7065693866871 72.9126407042379 99.9730948564776
O 55.9908087311148 73.2758025509325 99.9730948564776
O 57.1382914984096 74.5612133390829 99.9730948564776
O 39.1108833493096 75.7664307989451 99.9730948564776
O 37.3566395905052 76.0370274036709 99.9730948564776
O 15.2384180544193 76.3908132017403 99.9730948564776
O 13.5052473456300 76.8599419729514 99.9730948564776
O 14.7729101703932 78.0539094394630 99.9730948564776
O 37.5766925735460 78.7658232938373 99.9730948564776
O 39.3833920590259 79.0854940328669 99.9730948564776
O 49.3838178335856 10.5160890781449 99.9730948564776
O 51.1719412094571 10.7031555754061 99.9730948564776
O 38.5803754745903 77.4128669114527 99.9730948564776
O 32.4606737330181 32.9226038711652 99.9730948564776
