0 18 36 55 45 21 
1 9 35 56 64 36 18 
2 13 31 50 61 43 22 
3 4 20 44 70 69 48 24 
5 28 49 39 958 
6 10 37 60 51 33 
7 11 30 57 71 72 46 25 
8 32 59 63 45 21 970 
12 19 38 52 46 25 
14 22 43 65 58 29 
15 16 24 48 66 62 41 
17 20 44 54 34 
23 29 58 76 68 40 
26 27 42 67 85 74 47 
28 31 50 77 75 49 
33 30 57 73 51 
34 32 59 82 102 81 54 
35 37 60 84 83 56 
36 55 89 93 64 
38 47 74 90 78 52 
39 49 75 98 100 79 53 
68 40 41 62 80 
65 43 61 87 91 
44 54 81 88 70 
45 55 89 103 92 63 
46 52 78 104 97 72 
66 48 69 95 94 
50 61 87 110 105 77 
51 60 84 115 127 962 99 73 
56 64 93 113 114 83 
57 71 96 99 73 
65 58 76 101 111 91 
59 63 92 106 82 
66 62 80 107 116 94 
68 76 101 122 124 107 80 
69 70 88 112 117 95 
71 72 97 118 96 
74 85 108 128 119 90 
75 77 105 123 120 98 
132 104 78 90 119 138 
129 100 79 86 109 134 
136 112 88 81 102 125 144 
130 106 82 102 125 
83 84 115 126 114 
133 110 87 91 111 135 146 
131 103 89 93 113 137 140 
130 106 92 103 131 152 168 157 
94 95 117 143 156 139 116 
96 99 962 153 164 165 141 118 
132 104 97 118 141 150 
129 100 98 120 142 
135 111 101 122 147 
133 110 105 123 145 159 
107 116 139 163 155 124 
108 121 151 166 154 128 
136 112 117 143 160 
137 113 114 126 148 158 
115 126 148 173 174 149 127 
119 128 154 161 138 
120 123 145 176 169 142 
122 124 155 177 171 147 
130 125 144 167 178 157 
127 149 153 962 
129 134 162 186 202 189 169 142 
131 140 971 172 152 
132 138 161 185 187 175 150 
133 146 170 191 183 159 
135 146 170 192 193 171 147 
136 144 167 194 180 160 
137 140 971 172 198 201 181 158 
139 156 179 184 163 
141 150 175 182 165 
143 156 179 204 206 180 160 
145 159 183 190 176 
148 158 181 199 173 
149 153 164 196 210 200 174 
152 168 195 208 198 172 
154 161 185 212 229 222 188 166 
155 163 184 205 203 177 
157 168 195 207 197 178 
164 165 182 211 216 196 
167 178 197 219 215 194 
169 176 190 214 213 189 
170 191 209 192 
171 177 203 223 218 193 
173 174 200 221 220 199 
175 182 211 228 217 187 
179 184 205 233 245 226 204 
180 194 215 241 250 227 206 
181 199 220 243 246 224 201 
183 190 214 239 254 252 232 209 191 
185 187 217 231 212 
189 202 225 964 238 213 
192 193 218 240 248 232 209 
195 207 234 251 230 208 
196 210 235 237 216 
197 207 234 236 219 
198 201 224 242 230 208 
200 210 235 256 244 221 
203 205 233 255 249 223 
204 206 227 226 
260 228 211 216 237 264 276 
261 231 212 229 253 268 
257 238 213 214 239 
262 236 219 215 241 263 
260 228 217 231 261 267 
258 240 218 223 249 
259 243 220 221 244 
265 247 222 229 253 
266 242 224 246 271 
270 245 226 227 250 274 282 
266 242 230 251 279 283 
272 252 232 248 273 
270 245 233 255 278 287 
262 236 234 251 279 297 306 289 
264 237 235 256 275 280 
257 238 964 269 295 317 329 308 281 
257 239 254 277 281 
258 240 248 273 290 286 
263 241 250 274 291 288 
259 243 246 271 292 302 285 
259 244 256 275 303 307 285 
258 249 255 278 296 301 286 
272 252 254 277 299 300 
265 253 268 294 314 311 284 
260 267 293 313 298 276 
261 267 293 310 294 268 
262 263 288 305 289 
264 276 298 321 309 280 
266 271 292 324 326 312 283 
270 282 304 325 316 287 
272 273 290 322 319 300 
274 282 304 320 291 
275 280 309 328 303 
277 281 308 318 299 
278 287 316 963 296 
279 283 312 323 297 
285 302 327 332 307 
286 290 322 341 334 301 
288 291 320 342 359 351 330 305 
289 305 330 331 306 
292 302 327 339 324 
293 310 333 355 338 313 
294 310 333 335 314 
295 315 337 317 
296 301 334 348 349 963 
297 306 331 346 343 323 
298 313 338 358 344 321 
299 300 319 345 347 340 318 
303 307 332 353 354 328 
304 320 342 362 350 325 
308 318 340 366 357 329 
309 321 344 365 372 354 328 
311 314 335 356 336 
312 323 343 363 352 326 
316 325 350 370 369 349 963 
317 329 357 368 360 337 
319 322 341 361 367 345 
324 326 352 371 364 339 
327 332 353 377 387 386 364 339 
330 331 346 373 390 376 351 
333 335 356 384 394 393 378 355 
334 341 361 382 375 348 
338 355 378 397 380 358 
340 347 374 399 388 366 
342 359 383 406 414 389 362 
343 346 373 402 407 385 363 
344 358 380 392 365 
345 347 374 381 367 
348 349 369 401 400 375 
350 362 389 395 370 
351 359 383 376 
352 363 385 396 371 
353 354 372 391 403 377 
357 366 388 405 398 368 
360 368 398 419 428 404 379 
361 367 381 408 429 432 409 382 
364 371 396 424 411 386 
365 372 391 417 412 392 
369 370 395 410 422 401 
373 390 415 423 402 
374 381 408 420 399 
375 382 409 421 400 
376 383 406 433 434 415 390 
377 387 416 425 403 
378 393 413 436 426 397 
380 392 412 440 441 426 397 
384 394 418 442 427 965 
385 396 424 446 450 435 407 
386 387 416 430 411 
388 399 420 444 448 431 405 
389 395 410 438 437 414 
391 403 425 451 459 447 417 
393 394 418 413 
398 405 431 443 419 
400 401 422 449 457 445 421 
402 407 435 439 423 
406 414 437 464 454 433 
408 420 444 466 456 429 
409 421 445 470 462 432 
410 422 449 463 438 
411 424 446 472 480 458 430 
412 417 447 455 440 
413 418 442 468 491 495 481 461 436 
415 423 439 471 478 465 434 
416 425 451 467 458 430 
419 428 453 476 469 443 
426 436 461 460 441 
427 442 468 475 452 
429 432 462 477 456 
431 443 469 493 496 473 448 
433 434 465 474 454 
435 439 471 486 479 450 
437 438 463 484 499 485 464 
440 441 460 490 497 489 455 
444 448 473 482 466 
445 457 483 494 470 
446 450 479 487 472 
447 455 489 500 488 459 
449 457 483 508 512 484 463 
451 459 488 507 492 467 
454 464 485 509 504 474 
517 482 466 456 477 503 524 528 
515 492 467 458 480 506 
460 461 481 501 490 
519 494 470 462 477 503 525 
520 504 474 465 478 505 
516 491 468 475 502 
469 476 498 511 493 
513 486 471 478 505 521 
514 487 472 480 506 522 
517 482 473 496 518 
513 486 479 487 514 535 534 
523 495 481 501 532 540 
519 494 483 508 533 543 
526 499 484 512 538 549 
526 499 485 509 529 
530 507 488 500 531 547 
527 497 489 500 531 544 
527 497 490 501 532 539 
516 491 495 523 541 
515 492 507 530 536 
518 496 493 511 542 564 565 548 
537 510 498 511 542 552 
524 503 525 545 
520 504 509 529 555 571 572 546 
520 505 521 550 546 
515 506 522 551 562 557 536 
533 508 512 538 553 
513 521 550 561 559 534 
514 522 551 556 535 
517 518 548 558 554 528 
519 525 545 566 578 567 543 
523 540 569 584 560 541 
524 528 554 577 591 566 545 
526 529 555 579 575 549 
527 539 563 568 544 
530 536 557 582 583 573 547 
531 544 568 600 609 599 573 547 
532 539 563 587 588 569 540 
533 543 567 586 574 553 
534 535 556 581 580 559 
538 549 575 598 597 574 553 
542 552 576 585 564 
546 550 561 595 607 594 572 
548 558 590 589 565 
551 556 581 608 612 592 562 
554 558 590 601 577 
555 571 593 579 
557 562 592 604 582 
559 561 595 603 580 
560 570 596 620 624 606 584 
563 568 600 605 587 
564 565 589 618 615 585 
566 578 602 610 591 
567 578 602 629 635 611 586 
569 584 606 614 588 
571 572 594 617 636 621 593 
573 583 613 599 
574 586 611 616 597 
575 579 593 621 625 619 598 
577 591 610 628 622 601 
580 581 608 623 627 603 
582 583 613 631 961 960 604 
587 588 614 637 643 633 605 
589 590 601 622 647 653 639 618 
592 604 960 630 612 
594 607 626 617 
595 603 627 648 665 658 626 607 
597 598 619 642 640 616 
599 609 632 651 650 631 613 
600 605 633 644 632 609 
602 610 628 654 655 629 
606 614 637 652 646 624 
608 612 630 649 645 623 
611 616 640 663 662 635 
615 618 639 661 660 634 
617 626 658 683 682 657 636 
619 625 656 676 664 642 
620 624 646 675 666 641 
621 625 656 667 657 636 
622 628 654 680 671 647 
623 627 648 673 668 645 
629 635 662 691 672 655 
630 649 677 694 693 674 961 960 
631 650 678 674 961 
632 644 669 695 684 651 
633 643 670 690 669 644 
634 638 659 686 687 660 
637 643 670 679 652 
639 653 689 688 661 
640 642 664 681 663 
645 649 677 699 668 
646 652 679 706 713 702 675 
647 653 689 696 671 
648 665 692 712 700 673 
650 651 684 701 678 
654 655 672 697 703 680 
656 667 698 704 676 
657 667 698 705 682 
658 665 692 683 
660 661 688 709 708 687 
662 663 681 711 729 733 710 691 
664 676 704 730 728 711 681 
666 675 702 720 714 685 
668 673 700 723 724 699 
669 690 719 732 718 695 
670 679 706 726 719 690 
671 680 703 727 735 722 696 
672 691 710 715 697 
674 678 701 725 740 739 717 693 
677 694 716 747 742 724 699 
682 683 692 712 738 756 759 753 731 705 
684 695 718 736 725 701 
686 687 708 721 707 
688 689 696 722 737 734 709 
693 694 716 717 
697 703 727 744 745 715 
698 704 730 752 746 731 705 
700 712 738 741 723 
702 713 743 749 720 
706 713 743 758 748 726 
708 709 734 754 771 750 721 
710 715 745 766 755 733 
711 728 751 729 
716 717 739 764 763 747 
718 732 757 777 782 760 736 
719 726 748 769 757 732 
722 735 762 779 761 737 
723 724 742 773 768 741 
725 736 760 765 740 
727 735 762 774 744 
728 730 752 776 783 772 751 
729 733 755 780 787 772 751 
731 746 767 753 
734 737 761 778 754 
738 741 768 791 801 781 756 
739 740 765 794 788 764 
742 747 763 793 805 792 773 
743 749 775 795 785 758 
744 745 766 797 808 800 774 
746 752 776 798 790 767 
748 758 785 809 815 799 769 
750 770 789 796 771 
753 759 784 813 818 790 767 
754 771 796 810 804 778 
755 766 797 802 780 
756 759 784 781 
757 769 799 803 777 
760 765 794 821 824 814 782 
761 778 804 828 832 807 779 
762 774 800 817 807 779 
763 764 788 806 793 
768 773 792 820 819 791 
772 783 812 811 787 
775 786 816 822 795 
776 783 812 830 825 798 
777 782 814 827 803 
780 787 811 833 829 802 
781 784 813 834 844 826 801 
785 795 822 847 840 809 
788 794 821 959 831 806 
789 796 810 837 841 823 
790 798 825 849 843 818 
791 801 826 839 819 
792 805 835 845 820 
793 805 835 857 860 831 806 
797 802 829 842 838 808 
799 803 827 852 862 846 815 
800 808 838 856 848 817 
804 810 837 854 850 828 
807 817 848 865 855 832 
809 815 846 853 840 
811 812 830 863 874 866 833 
813 818 843 851 834 
814 824 858 875 876 852 827 
816 822 847 869 886 859 836 
819 820 845 868 879 867 839 
821 824 858 861 959 
825 830 863 870 849 
826 839 867 878 871 844 
828 832 855 872 850 
829 833 866 883 873 842 
831 860 888 884 861 959 
834 844 871 892 877 851 
835 845 868 966 857 
837 841 864 887 881 854 
838 842 873 891 882 856 
840 847 869 889 880 853 
843 849 870 895 903 898 877 851 
846 853 880 896 885 862 
848 856 882 897 890 865 
850 854 881 908 913 894 872 
852 862 885 901 893 876 
855 865 890 902 894 872 
857 860 888 911 920 906 966 
858 861 884 907 899 875 
863 870 895 967 900 874 
866 874 900 925 924 909 883 
867 878 904 922 905 879 
868 879 905 914 906 966 
869 886 916 932 918 889 
871 878 904 910 892 
873 883 909 921 917 891 
875 876 893 915 899 
877 892 910 928 919 898 
880 889 918 935 926 896 
881 887 912 968 908 
882 891 917 933 923 897 
884 888 911 929 930 907 
885 896 926 945 931 901 
890 897 923 937 927 902 
893 901 931 946 940 915 
894 902 927 941 936 913 
895 903 934 951 969 967 
898 903 934 943 919 
899 907 930 949 956 940 915 
900 925 942 969 967 
905 914 939 954 948 922 
906 914 939 952 944 920 
908 913 936 950 947 968 
909 921 938 924 
911 920 944 955 929 
918 932 953 957 935 
