0 977 18 1002 36 1026 55 1027 45 1012 21 982 
1 972 9 1001 35 1028 56 1040 64 1039 36 1002 18 978 
2 975 13 994 31 1019 50 1035 61 1034 43 1010 22 983 
3 971 4 980 20 1011 44 1048 70 1049 69 1047 48 1016 24 985 
5 990 28 1017 49 1018 39 2351 958 2350 
6 973 10 1003 37 1032 60 1033 51 1020 33 997 
7 974 11 993 30 1029 57 1050 71 1052 72 1051 46 1013 25 987 
8 996 32 1031 59 1038 63 1037 45 1012 21 2381 970 2380 
12 979 19 1005 38 1021 52 1022 46 1013 25 988 
14 984 22 1010 43 1041 65 1042 58 1030 29 991 
15 976 16 986 24 1016 48 1043 66 1044 62 1036 41 1007 
17 981 20 1011 44 1025 54 1024 34 999 
23 992 29 1030 58 1057 76 1058 68 1046 40 1006 
26 989 27 1009 42 1045 67 1070 85 1071 74 1055 47 1014 
28 995 31 1019 50 1059 77 1060 75 1056 49 1017 
33 998 30 1029 57 1054 73 1053 51 1020 
34 1000 32 1031 59 1066 82 1096 102 1095 81 1065 54 1024 
35 1004 37 1032 60 1068 84 1069 83 1067 56 1028 
36 1026 55 1076 89 1083 93 1082 64 1039 
38 1015 47 1055 74 1077 90 1078 78 1061 52 1021 
39 1018 49 1056 75 1089 98 1093 100 1092 79 1062 53 1023 
68 1046 40 1008 41 1036 62 1063 80 1064 
65 1041 43 1034 61 1073 87 1080 91 1079 
44 1025 54 1065 81 1075 88 1074 70 1048 
45 1027 55 1076 89 1097 103 1098 92 1081 63 1037 
46 1022 52 1061 78 1099 104 1100 97 1088 72 1051 
66 1043 48 1047 69 1085 95 1086 94 1084 
50 1035 61 1073 87 1107 110 1108 105 1101 77 1059 
51 1033 60 1068 84 1115 115 1133 127 2361 962 2360 99 1090 73 1053 
56 1040 64 1082 93 1112 113 1114 114 1113 83 1067 
57 1050 71 1087 96 1091 99 1090 73 1054 
65 1042 58 1057 76 1094 101 1110 111 1109 91 1079 
59 1038 63 1081 92 1103 106 1102 82 1066 
66 1044 62 1063 80 1104 107 1117 116 1116 94 1084 
68 1058 76 1094 101 1125 122 1129 124 1128 107 1104 80 1064 
69 1049 70 1074 88 1111 112 1119 117 1118 95 1085 
71 1052 72 1088 97 1121 118 1120 96 1087 
74 1071 85 1105 108 1134 128 1135 119 1122 90 1077 
75 1060 77 1101 105 1126 123 1127 120 1123 98 1089 
132 1140 104 1099 78 1078 90 1122 119 1147 138 1148 
129 1136 100 1092 79 1072 86 1106 109 1142 134 1143 
136 1145 112 1111 88 1075 81 1095 102 1130 125 1156 144 1157 
130 1137 106 1102 82 1096 102 1130 125 1138 
83 1069 84 1115 115 1132 126 1131 114 1113 
133 1141 110 1107 87 1080 91 1109 111 1144 135 1160 146 1159 
131 1139 103 1097 89 1083 93 1112 113 1146 137 1151 140 1150 
130 1137 106 1103 92 1098 103 1139 131 1168 152 1192 168 1193 157 1174 
94 1086 95 1118 117 1155 143 1173 156 1172 139 1149 116 1116 
96 1091 99 2360 962 2362 153 1186 164 1188 165 1187 141 1152 118 1120 
132 1140 104 1100 97 1121 118 1152 141 1166 150 1165 
129 1136 100 1093 98 1123 120 1153 142 1154 
135 1144 111 1110 101 1125 122 1161 147 1162 
133 1141 110 1108 105 1126 123 1158 145 1178 159 1177 
107 1117 116 1149 139 1184 163 1185 155 1171 124 1128 
108 1124 121 1167 151 1189 166 1190 154 1170 128 1134 
136 1145 112 1119 117 1155 143 1180 160 1179 
137 1146 113 1114 114 1131 126 1163 148 1176 158 1175 
115 1132 126 1163 148 1198 173 1200 174 1199 149 1164 127 1133 
119 1135 128 1170 154 1182 161 1181 138 1147 
120 1127 123 1158 145 1202 176 1203 169 1194 142 1153 
122 1129 124 1171 155 1204 177 1205 171 1196 147 1161 
130 1138 125 1156 144 1191 167 1207 178 1206 157 1174 
127 1164 149 1169 153 2362 962 2361 
129 1143 134 1183 162 1217 186 1240 202 1241 189 1221 169 1194 142 1154 
131 1150 140 1151 137 1175 158 1210 181 1238 201 1239 198 1234 172 1197 152 1168 
132 1148 138 1181 161 1216 185 1219 187 1218 175 1201 150 1165 
133 1159 146 1195 170 1224 191 1225 183 1213 159 1177 
135 1160 146 1195 170 1226 192 1228 193 1227 171 1196 147 1162 
136 1157 144 1191 167 1229 194 1230 180 1209 160 1179 
139 1172 156 1208 179 1215 184 1214 163 1184 
141 1166 150 1201 175 1212 182 1211 165 1187 
143 1173 156 1208 179 1243 204 1247 206 1246 180 1209 160 1180 
145 1178 159 1213 183 1223 190 1222 176 1202 
148 1176 158 1210 181 1236 199 1235 173 1198 
149 1169 153 1186 164 1232 196 1254 210 1255 200 1237 174 1199 
152 1192 168 1231 195 1250 208 1251 198 1234 172 1197 
154 1182 161 1216 185 1257 212 1281 229 1282 222 1271 188 1220 166 1190 
155 1185 163 1214 184 1244 205 1245 203 1242 177 1204 
157 1193 168 1231 195 1248 207 1249 197 1233 178 1206 
164 1188 165 1211 182 1256 211 1263 216 1262 196 1232 
167 1207 178 1233 197 1266 219 1267 215 1261 194 1229 
169 1203 176 1222 190 1259 214 1260 213 1258 189 1221 
170 1224 191 1252 209 1253 192 1226 
171 1205 177 1242 203 1272 223 1273 218 1265 193 1227 
173 1200 174 1237 200 1269 221 1270 220 1268 199 1235 
175 1212 182 1256 211 1279 228 1280 217 1264 187 1218 
179 1215 184 1244 205 1287 233 1303 245 1302 226 1276 204 1243 
180 1230 194 1261 215 1297 241 1311 250 1310 227 1277 206 1246 
181 1236 199 1268 220 1300 243 1305 246 1304 224 1274 201 1238 
183 1223 190 1259 214 1295 239 1316 254 1317 252 1314 232 1286 209 1252 191 1225 
185 1219 187 1264 217 1285 231 1284 212 1257 
189 1241 202 1275 225 2365 964 2366 238 1294 213 1258 
192 1228 193 1265 218 1296 240 1308 248 1307 232 1286 209 1253 
195 1248 207 1288 234 1313 251 1312 230 1283 208 1250 
196 1254 210 1289 235 1293 237 1292 216 1262 
197 1249 207 1288 234 1291 236 1290 219 1266 
198 1239 201 1274 224 1298 242 1299 230 1283 208 1251 
200 1255 210 1289 235 1320 256 1321 244 1301 221 1269 
203 1245 205 1287 233 1318 255 1319 249 1309 223 1272 
204 1247 206 1277 227 1278 226 1276 
260 1328 228 1279 211 1263 216 1292 237 1333 264 1350 276 1349 
261 1329 231 1284 212 1281 229 1315 253 1339 268 1340 
257 1322 238 1294 213 1260 214 1295 239 1323 
262 1330 236 1290 219 1267 215 1297 241 1331 263 1332 
260 1328 228 1280 217 1285 231 1329 261 1338 267 1337 
258 1324 240 1296 218 1273 223 1309 249 1325 
259 1326 243 1300 220 1270 221 1301 244 1327 
265 1334 247 1306 222 1282 229 1315 253 1335 
266 1336 242 1298 224 1304 246 1342 271 1343 
270 1341 245 1302 226 1278 227 1310 250 1347 274 1359 282 1358 
266 1336 242 1299 230 1312 251 1353 279 1361 283 1360 
272 1344 252 1314 232 1307 248 1345 273 1346 
270 1341 245 1303 233 1318 255 1352 278 1366 287 1365 
262 1330 236 1291 234 1313 251 1353 279 1378 297 1392 306 1391 289 1368 
264 1333 237 1293 235 1320 256 1348 275 1355 280 1354 
257 1322 238 2366 964 2367 269 1376 295 1407 317 1428 329 1427 308 1395 281 1356 
257 1323 239 1316 254 1351 277 1357 281 1356 
258 1324 240 1308 248 1345 273 1369 290 1370 286 1364 
263 1331 241 1311 250 1347 274 1371 291 1372 288 1367 
259 1326 243 1305 246 1342 271 1373 292 1386 302 1385 285 1363 
259 1327 244 1321 256 1348 275 1387 303 1394 307 1393 285 1363 
258 1325 249 1319 255 1352 278 1377 296 1384 301 1383 286 1364 
272 1344 252 1317 254 1351 277 1380 299 1382 300 1381 
265 1335 253 1339 268 1375 294 1403 314 1404 311 1399 284 1362 
260 1337 267 1374 293 1401 313 1402 298 1379 276 1349 
261 1338 267 1374 293 1397 310 1398 294 1375 268 1340 
262 1332 263 1367 288 1389 305 1390 289 1368 
264 1350 276 1379 298 1413 321 1414 309 1396 280 1354 
266 1343 271 1373 292 1419 324 1423 326 1422 312 1400 283 1360 
270 1358 282 1388 304 1420 325 1421 316 1406 287 1365 
272 1346 273 1369 290 1415 322 1416 319 1410 300 1381 
274 1359 282 1388 304 1412 320 1411 291 1371 
275 1355 280 1396 309 1426 328 1425 303 1387 
277 1357 281 1395 308 1409 318 1408 299 1380 
278 1366 287 1406 316 2363 963 2382 296 1377 
279 1361 283 1400 312 1418 323 1417 297 1378 
285 1385 302 1424 327 1433 332 1432 307 1393 
286 1370 290 1415 322 1445 341 1446 334 1435 301 1383 
288 1372 291 1411 320 1447 342 1470 359 1471 351 1458 330 1429 305 1389 
289 1390 305 1429 330 1431 331 1430 306 1391 
292 1386 302 1424 327 1443 339 1442 324 1419 
293 1397 310 1434 333 1463 355 1464 338 1441 313 1401 
294 1398 310 1434 333 1437 335 1436 314 1403 
295 1405 315 1439 337 1440 317 1407 
296 1384 301 1435 334 1455 348 1456 349 2364 963 2382 
297 1392 306 1430 331 1451 346 1452 343 1448 323 1417 
298 1402 313 1441 338 1468 358 1469 344 1449 321 1413 
299 1382 300 1410 319 1450 345 1454 347 1453 340 1444 318 1408 
303 1394 307 1432 332 1460 353 1462 354 1461 328 1425 
304 1412 320 1447 342 1474 362 1475 350 1457 325 1420 
308 1409 318 1444 340 1480 366 1481 357 1467 329 1427 
309 1414 321 1449 344 1479 365 1492 372 1491 354 1461 328 1426 
311 1404 314 1436 335 1465 356 1466 336 1438 
312 1418 323 1448 343 1476 363 1477 352 1459 326 1422 
316 1421 325 1457 350 1487 370 1488 369 1486 349 2364 963 2363 
317 1428 329 1467 357 1484 368 1485 360 1472 337 1440 
319 1416 322 1445 341 1473 361 1483 367 1482 345 1450 
324 1423 326 1459 352 1489 371 1490 364 1478 339 1442 
327 1433 332 1460 353 1497 377 1510 387 1511 386 1509 364 1478 339 1443 
330 1431 331 1451 346 1493 373 1514 390 1515 376 1496 351 1458 
333 1437 335 1465 356 1507 384 1520 394 1521 393 1519 378 1498 355 1463 
334 1446 341 1473 361 1503 382 1504 375 1495 348 1455 
338 1464 355 1498 378 1526 397 1527 380 1500 358 1468 
340 1453 347 1494 374 1529 399 1530 388 1512 366 1480 
342 1470 359 1505 383 1540 406 1550 414 1549 389 1513 362 1474 
343 1452 346 1493 373 1534 402 1542 407 1541 385 1508 363 1476 
344 1469 358 1500 380 1518 392 1517 365 1479 
345 1454 347 1494 374 1502 381 1501 367 1482 
348 1456 349 1486 369 1532 401 1533 400 1531 375 1495 
350 1475 362 1513 389 1523 395 1522 370 1487 
351 1471 359 1505 383 1506 376 1496 
352 1477 363 1508 385 1525 396 1524 371 1489 
353 1462 354 1491 372 1516 391 1536 403 1535 377 1497 
357 1481 366 1512 388 1538 405 1539 398 1528 368 1484 
360 1485 368 1528 398 1557 419 1572 428 1571 404 1537 379 1499 
361 1483 367 1501 381 1543 408 1573 429 1578 432 1577 409 1544 382 1503 
364 1490 371 1524 396 1566 424 1567 411 1546 386 1509 
365 1492 372 1516 391 1553 417 1554 412 1547 392 1517 
369 1488 370 1522 395 1545 410 1563 422 1562 401 1532 
373 1514 390 1551 415 1565 423 1564 402 1534 
374 1502 381 1543 408 1559 420 1558 399 1529 
375 1504 382 1544 409 1561 421 1560 400 1531 
376 1506 383 1540 406 1579 433 1581 434 1580 415 1551 390 1515 
377 1510 387 1552 416 1569 425 1568 403 1535 
378 1519 393 1548 413 1583 436 1584 426 1570 397 1526 
380 1518 392 1547 412 1590 440 1592 441 1591 426 1570 397 1527 
384 1520 394 1555 418 1593 442 1594 427 2369 965 2368 
385 1525 396 1566 424 1599 446 1605 450 1604 435 1582 407 1541 
386 1511 387 1552 416 1575 430 1574 411 1546 
388 1530 399 1558 420 1597 444 1602 448 1601 431 1576 405 1538 
389 1523 395 1545 410 1586 438 1587 437 1585 414 1549 
391 1536 403 1568 425 1606 451 1617 459 1616 447 1600 417 1553 
393 1521 394 1555 418 1556 413 1548 
398 1539 405 1576 431 1596 443 1595 419 1557 
400 1533 401 1562 422 1603 449 1614 457 1613 445 1598 421 1560 
402 1542 407 1582 435 1589 439 1588 423 1564 
406 1550 414 1585 437 1624 464 1625 454 1609 433 1579 
408 1559 420 1597 444 1627 466 1628 456 1612 429 1573 
409 1561 421 1598 445 1633 470 1634 462 1621 432 1577 
410 1563 422 1603 449 1623 463 1622 438 1586 
411 1567 424 1599 446 1636 472 1650 480 1649 458 1615 430 1574 
412 1554 417 1600 447 1611 455 1610 440 1590 
413 1556 418 1593 442 1631 468 1664 491 1670 495 1669 481 1651 461 1619 436 1583 
415 1565 423 1588 439 1635 471 1647 478 1646 465 1626 434 1580 
416 1569 425 1606 451 1629 467 1630 458 1615 430 1575 
419 1572 428 1608 453 1642 476 1643 469 1632 443 1595 
426 1584 436 1619 461 1620 460 1618 441 1591 
427 1594 442 1631 468 1641 475 1640 452 1607 
429 1578 432 1621 462 1645 477 1644 456 1612 
431 1596 443 1632 469 1666 493 1672 496 1671 473 1637 448 1601 
433 1581 434 1626 465 1639 474 1638 454 1609 
435 1589 439 1635 471 1657 486 1658 479 1648 450 1604 
437 1587 438 1622 463 1655 484 1676 499 1677 485 1656 464 1624 
440 1592 441 1618 460 1663 490 1674 497 1673 489 1662 455 1610 
444 1602 448 1637 473 1653 482 1652 466 1627 
445 1613 457 1654 483 1668 494 1667 470 1633 
446 1605 450 1648 479 1660 487 1659 472 1636 
447 1611 455 1662 489 1679 500 1678 488 1661 459 1616 
449 1614 457 1654 483 1689 508 1696 512 1695 484 1655 463 1623 
451 1617 459 1661 488 1687 507 1688 492 1665 467 1629 
454 1625 464 1656 485 1690 509 1691 504 1684 474 1638 
517 1703 482 1652 466 1628 456 1644 477 1683 503 1714 524 1720 528 1719 
515 1699 492 1665 467 1630 458 1649 480 1686 506 1700 
460 1620 461 1651 481 1680 501 1681 490 1663 
519 1706 494 1667 470 1634 462 1645 477 1683 503 1715 525 1716 
520 1707 504 1684 474 1639 465 1646 478 1685 505 1708 
516 1701 491 1664 468 1641 475 1682 502 1702 
469 1643 476 1675 498 1694 511 1693 493 1666 
513 1697 486 1657 471 1647 478 1685 505 1709 521 1710 
514 1698 487 1659 472 1650 480 1686 506 1711 522 1712 
517 1703 482 1653 473 1671 496 1704 518 1705 
513 1697 486 1658 479 1660 487 1698 514 1728 535 1729 534 1727 
523 1713 495 1669 481 1680 501 1725 532 1737 540 1736 
519 1706 494 1668 483 1689 508 1726 533 1742 543 1741 
526 1717 499 1676 484 1695 512 1733 538 1752 549 1751 
526 1717 499 1677 485 1690 509 1721 529 1722 
530 1723 507 1687 488 1678 500 1724 531 1749 547 1748 
527 1718 497 1673 489 1679 500 1724 531 1744 544 1743 
527 1718 497 1674 490 1681 501 1725 532 1735 539 1734 
516 1701 491 1670 495 1713 523 1739 541 1738 
515 1699 492 1688 507 1723 530 1731 536 1730 
518 1704 496 1672 493 1693 511 1740 542 1774 564 1776 565 1775 548 1750 
537 1732 510 1692 498 1694 511 1740 542 1757 552 1756 
524 1714 503 1715 525 1746 545 1745 
520 1707 504 1691 509 1721 529 1761 555 1783 571 1785 572 1784 546 1747 
520 1708 505 1709 521 1753 550 1754 546 1747 
515 1700 506 1711 522 1755 551 1771 562 1772 557 1764 536 1730 
533 1726 508 1696 512 1733 538 1759 553 1758 
513 1710 521 1753 550 1769 561 1770 559 1767 534 1727 
514 1712 522 1755 551 1763 556 1762 535 1728 
517 1705 518 1750 548 1765 558 1766 554 1760 528 1719 
519 1716 525 1746 545 1777 566 1791 578 1792 567 1778 543 1741 
523 1736 540 1781 569 1802 584 1801 560 1768 541 1739 
524 1720 528 1760 554 1790 577 1814 591 1813 566 1777 545 1745 
526 1722 529 1761 555 1793 579 1794 575 1788 549 1751 
527 1734 539 1773 563 1780 568 1779 544 1743 
530 1731 536 1764 557 1798 582 1800 583 1799 573 1786 547 1748 
531 1744 544 1779 568 1825 600 1840 609 1839 599 1824 573 1786 547 1749 
532 1735 539 1773 563 1807 587 1809 588 1808 569 1781 540 1737 
533 1742 543 1778 567 1805 586 1806 574 1787 553 1758 
534 1729 535 1762 556 1796 581 1797 580 1795 559 1767 
538 1752 549 1788 575 1822 598 1823 597 1821 574 1787 553 1759 
542 1757 552 1789 576 1804 585 1803 564 1774 
546 1754 550 1769 561 1819 595 1837 607 1836 594 1818 572 1784 
548 1765 558 1811 590 1812 589 1810 565 1775 
551 1763 556 1796 581 1838 608 1845 612 1844 592 1815 562 1771 
554 1766 558 1811 590 1827 601 1826 577 1790 
555 1783 571 1816 593 1817 579 1793 
557 1772 562 1815 592 1832 604 1831 582 1798 
559 1770 561 1819 595 1830 603 1829 580 1795 
560 1782 570 1820 596 1857 620 1862 624 1861 606 1835 584 1801 
563 1780 568 1825 600 1834 605 1833 587 1807 
564 1776 565 1810 589 1854 618 1855 615 1850 585 1803 
566 1791 578 1828 602 1842 610 1841 591 1813 
567 1792 578 1828 602 1871 629 1878 635 1877 611 1843 586 1805 
569 1802 584 1835 606 1849 614 1848 588 1808 
571 1785 572 1818 594 1853 617 1879 636 1880 621 1858 593 1816 
573 1799 583 1846 613 1847 599 1824 
574 1806 586 1843 611 1852 616 1851 597 1821 
575 1794 579 1817 593 1858 621 1864 625 1863 619 1856 598 1822 
577 1814 591 1841 610 1869 628 1870 622 1859 601 1826 
580 1797 581 1838 608 1860 623 1868 627 1867 603 1829 
582 1800 583 1846 613 1873 631 2357 961 2359 960 2355 604 1831 
587 1809 588 1848 614 1881 637 1889 643 1888 633 1875 605 1833 
589 1812 590 1827 601 1859 622 1894 647 1904 653 1903 639 1883 618 1854 
592 1832 604 2355 960 2356 630 1872 612 1844 
594 1836 607 1865 626 1866 617 1853 
595 1830 603 1867 627 1895 648 1919 665 1920 658 1910 626 1865 607 1837 
597 1823 598 1856 619 1886 642 1887 640 1884 616 1851 
599 1839 609 1874 632 1899 651 1900 650 1898 631 1873 613 1847 
600 1834 605 1875 633 1891 644 1890 632 1874 609 1840 
602 1842 610 1869 628 1905 654 1907 655 1906 629 1871 
606 1849 614 1881 637 1901 652 1902 646 1893 624 1861 
608 1845 612 1872 630 1896 649 1897 645 1892 623 1860 
611 1852 616 1884 640 1916 663 1917 662 1915 635 1877 
615 1855 618 1883 639 1913 661 1914 660 1912 634 1876 
617 1866 626 1910 658 1945 683 1946 682 1944 657 1909 636 1879 
619 1863 625 1908 656 1933 676 1934 664 1918 642 1886 
620 1862 624 1893 646 1931 675 1932 666 1921 641 1885 
621 1864 625 1908 656 1922 667 1923 657 1909 636 1880 
622 1870 628 1905 654 1940 680 1941 671 1927 647 1894 
623 1868 627 1895 648 1929 673 1930 668 1924 645 1892 
629 1878 635 1915 662 1957 691 1958 672 1928 655 1906 
630 1896 649 1935 677 1962 694 1963 693 1961 674 2358 961 2359 960 2356 
631 1898 650 1936 678 1937 674 2358 961 2357 
632 1890 644 1925 669 1964 695 1965 684 1947 651 1899 
633 1888 643 1926 670 1956 690 1955 669 1925 644 1891 
634 1882 638 1911 659 1949 686 1951 687 1950 660 1912 
637 1889 643 1926 670 1939 679 1938 652 1901 
639 1903 653 1953 689 1954 688 1952 661 1913 
640 1887 642 1918 664 1943 681 1942 663 1916 
645 1897 649 1935 677 1971 699 1970 668 1924 
646 1902 652 1938 679 1982 706 1992 713 1991 702 1975 675 1931 
647 1904 653 1953 689 1967 696 1966 671 1927 
648 1919 665 1959 692 1989 712 1990 700 1972 673 1929 
650 1900 651 1947 684 1974 701 1973 678 1936 
654 1907 655 1928 672 1968 697 1977 703 1976 680 1940 
656 1922 667 1969 698 1979 704 1978 676 1933 
657 1923 667 1969 698 1981 705 1980 682 1944 
658 1920 665 1959 692 1960 683 1945 
660 1914 661 1952 688 1985 709 1986 708 1984 687 1950 
662 1917 663 1942 681 1988 711 2014 729 2021 733 2020 710 1987 691 1957 
664 1934 676 1978 704 2015 730 2016 728 2013 711 1988 681 1943 
666 1932 675 1975 702 2001 720 2002 714 1993 685 1948 
668 1930 673 1972 700 2006 723 2008 724 2007 699 1970 
669 1955 690 2000 719 2019 732 2018 718 1999 695 1964 
670 1939 679 1982 706 2010 726 2011 719 2000 690 1956 
671 1941 680 1976 703 2012 727 2024 735 2023 722 2005 696 1966 
672 1958 691 1987 710 1995 715 1994 697 1968 
674 1937 678 1973 701 2009 725 2031 740 2032 739 2030 717 1997 693 1961 
677 1962 694 1996 716 2041 747 2042 742 2035 724 2007 699 1971 
682 1946 683 1960 692 1989 712 2029 738 2054 756 2059 759 2058 753 2051 731 2017 705 1980 
684 1965 695 1999 718 2025 736 2026 725 2009 701 1974 
686 1951 687 1984 708 2004 721 2003 707 1983 
688 1954 689 1967 696 2005 722 2027 737 2028 734 2022 709 1985 
693 1963 694 1996 716 1998 717 1997 
697 1977 703 2012 727 2037 744 2039 745 2038 715 1994 
698 1979 704 2015 730 2049 752 2050 746 2040 731 2017 705 1981 
700 1990 712 2029 738 2034 741 2033 723 2006 
702 1991 713 2036 743 2045 749 2044 720 2001 
706 1992 713 2036 743 2056 758 2057 748 2043 726 2010 
708 1986 709 2022 734 2052 754 2077 771 2076 750 2046 721 2004 
710 1995 715 2038 745 2068 766 2069 755 2053 733 2020 
711 2013 728 2047 751 2048 729 2014 
716 1998 717 2030 739 2064 764 2065 763 2063 747 2041 
718 2018 732 2055 757 2085 777 2093 782 2092 760 2060 736 2025 
719 2011 726 2043 748 2073 769 2074 757 2055 732 2019 
722 2023 735 2062 762 2089 779 2088 761 2061 737 2027 
723 2008 724 2035 742 2079 773 2080 768 2072 741 2033 
725 2026 736 2060 760 2067 765 2066 740 2031 
727 2024 735 2062 762 2082 774 2081 744 2037 
728 2016 730 2049 752 2084 776 2095 783 2094 772 2078 751 2047 
729 2021 733 2053 755 2090 780 2101 787 2100 772 2078 751 2048 
731 2040 746 2070 767 2071 753 2051 
734 2028 737 2061 761 2087 778 2086 754 2052 
738 2034 741 2072 768 2105 791 2120 801 2119 781 2091 756 2054 
739 2032 740 2066 765 2108 794 2109 788 2102 764 2064 
742 2042 747 2063 763 2107 793 2127 805 2126 792 2106 773 2079 
743 2045 749 2083 775 2110 795 2111 785 2098 758 2056 
744 2039 745 2068 766 2114 797 2131 808 2132 800 2118 774 2081 
746 2050 752 2084 776 2115 798 2116 790 2104 767 2070 
748 2057 758 2098 785 2133 809 2142 815 2141 799 2117 769 2073 
750 2075 770 2103 789 2113 796 2112 771 2076 
753 2058 759 2096 784 2139 813 2147 818 2146 790 2104 767 2071 
754 2077 771 2112 796 2134 810 2135 804 2125 778 2086 
755 2069 766 2114 797 2122 802 2121 780 2090 
756 2059 759 2096 784 2097 781 2091 
757 2074 769 2117 799 2124 803 2123 777 2085 
760 2067 765 2108 794 2151 821 2156 824 2155 814 2140 782 2092 
761 2087 778 2125 804 2161 828 2167 832 2166 807 2130 779 2088 
762 2082 774 2118 800 2144 817 2145 807 2130 779 2089 
763 2065 764 2102 788 2128 806 2129 793 2107 
768 2080 773 2106 792 2149 820 2150 819 2148 791 2105 
772 2094 783 2137 812 2138 811 2136 787 2100 
775 2099 786 2143 816 2153 822 2152 795 2110 
776 2095 783 2137 812 2163 830 2164 825 2157 798 2115 
777 2093 782 2140 814 2160 827 2159 803 2123 
780 2101 787 2136 811 2168 833 2169 829 2162 802 2121 
781 2097 784 2139 813 2170 834 2184 844 2183 826 2158 801 2119 
785 2111 795 2152 822 2188 847 2189 840 2177 809 2133 
788 2109 794 2151 821 2352 959 2353 831 2165 806 2128 
789 2113 796 2134 810 2173 837 2179 841 2178 823 2154 
790 2116 798 2157 825 2191 849 2192 843 2182 818 2146 
791 2120 801 2158 826 2176 839 2175 819 2148 
792 2126 805 2171 835 2186 845 2185 820 2149 
793 2127 805 2171 835 2204 857 2208 860 2207 831 2165 806 2129 
797 2122 802 2162 829 2180 842 2181 838 2174 808 2131 
799 2124 803 2159 827 2196 852 2211 862 2210 846 2187 815 2141 
800 2132 808 2174 838 2202 856 2203 848 2190 817 2144 
804 2135 810 2173 837 2199 854 2200 850 2193 828 2161 
807 2145 817 2190 848 2214 865 2215 855 2201 832 2166 
809 2142 815 2187 846 2198 853 2197 840 2177 
811 2138 812 2163 830 2212 863 2226 874 2227 866 2216 833 2168 
813 2147 818 2182 843 2195 851 2194 834 2170 
814 2155 824 2205 858 2228 875 2230 876 2229 852 2196 827 2160 
816 2153 822 2188 847 2219 869 2244 886 2243 859 2206 836 2172 
819 2150 820 2185 845 2218 868 2235 879 2234 867 2217 839 2175 
821 2156 824 2205 858 2209 861 2354 959 2352 
825 2164 830 2212 863 2221 870 2220 849 2191 
826 2176 839 2217 867 2232 878 2233 871 2222 844 2183 
828 2167 832 2201 855 2224 872 2223 850 2193 
829 2169 833 2216 866 2239 883 2240 873 2225 842 2180 
831 2207 860 2247 888 2248 884 2241 861 2354 959 2353 
834 2184 844 2222 871 2254 892 2255 877 2231 851 2194 
835 2186 845 2218 868 2371 966 2370 857 2204 
837 2179 841 2213 864 2245 887 2246 881 2237 854 2199 
838 2181 842 2225 873 2252 891 2253 882 2238 856 2202 
840 2189 847 2219 869 2249 889 2250 880 2236 853 2197 
843 2192 849 2220 870 2258 895 2270 903 2271 898 2263 877 2231 851 2195 
846 2198 853 2236 880 2259 896 2260 885 2242 862 2210 
848 2203 856 2238 882 2261 897 2262 890 2251 865 2214 
850 2200 854 2237 881 2276 908 2283 913 2282 894 2257 872 2223 
852 2211 862 2242 885 2266 901 2267 893 2256 876 2229 
855 2215 865 2251 890 2268 902 2269 894 2257 872 2224 
857 2208 860 2247 888 2280 911 2293 920 2292 906 2372 966 2370 
858 2209 861 2241 884 2274 907 2275 899 2264 875 2228 
863 2221 870 2258 895 2373 967 2374 900 2265 874 2226 
866 2227 874 2265 900 2300 925 2301 924 2299 909 2277 883 2239 
867 2232 878 2272 904 2296 922 2297 905 2273 879 2234 
868 2235 879 2273 905 2284 914 2285 906 2372 966 2371 
869 2244 886 2288 916 2310 932 2311 918 2290 889 2249 
871 2233 878 2272 904 2279 910 2278 892 2254 
873 2240 883 2277 909 2294 921 2295 917 2289 891 2252 
875 2230 876 2256 893 2286 915 2287 899 2264 
877 2255 892 2278 910 2304 928 2305 919 2291 898 2263 
880 2250 889 2290 918 2315 935 2316 926 2302 896 2259 
881 2246 887 2281 912 2376 968 2375 908 2276 
882 2253 891 2289 917 2312 933 2313 923 2298 897 2261 
884 2248 888 2280 911 2306 929 2308 930 2307 907 2274 
885 2260 896 2302 926 2330 945 2331 931 2309 901 2266 
890 2262 897 2298 923 2318 937 2319 927 2303 902 2268 
893 2267 901 2309 931 2332 946 2333 940 2323 915 2286 
894 2269 902 2303 927 2324 941 2325 936 2317 913 2282 
895 2270 903 2314 934 2338 951 2379 969 2383 967 2373 
898 2271 903 2314 934 2328 943 2327 919 2291 
899 2275 907 2307 930 2335 949 2347 956 2346 940 2323 915 2287 
900 2300 925 2326 942 2378 969 2383 967 2374 
905 2284 914 2322 939 2342 954 2343 948 2334 922 2297 
906 2285 914 2322 939 2339 952 2340 944 2329 920 2292 
908 2283 913 2317 936 2336 950 2337 947 2377 968 2375 
909 2294 921 2320 938 2321 924 2299 
911 2293 920 2329 944 2345 955 2344 929 2306 
918 2311 932 2341 953 2349 957 2348 935 2315 
